-16.79117775 29.91165543 340.97433472
-17.72429466 29.97020912 343.93136597
-16.55222321 29.37101173 341.18386841
-17.26371193 29.35219002 341.28222656
-17.74311638 29.32461739 341.58529663
-16.54486847 28.83843803 341.18847656
-17.25638771 28.82011223 341.28680420
-16.53760338 28.30584335 341.19305420
-17.24979782 28.28801346 341.29071045
-16.29861832 27.76300812 341.40261841
-16.77893448 27.73541451 341.70669556
-16.77170181 27.20223045 341.71127319
-16.76513863 26.66892815 341.71520996
-17.47757721 26.65259743 341.81173706
-16.52480698 26.12391663 341.92645264
-17.47095299 26.11970520 341.81564331
-15.80366993 25.60540009 341.83306885
-16.51827431 25.59001350 341.93035889
-17.23187256 25.57466316 342.02661133
-17.22524834 25.04117393 342.03057861
-17.70703316 25.01375198 342.33160400
-15.78916740 24.53633308 341.84249878
-16.50447464 24.52183533 341.93902588
-17.21868515 24.50756836 342.03448486
-15.82267284 23.88137245 341.74700928
-16.77019691 23.88113594 341.63766479
-17.25127602 23.85362244 341.93957520
-16.07438087 22.17297554 341.45556641
-16.78911209 22.16060066 341.55148315
-17.27068329 22.13318825 341.85235596
-16.78187752 21.62701416 341.55615234
-17.26341820 21.59970665 341.85702515
-16.77452087 21.09342766 341.56082153
-16.76798820 20.55963326 341.56484985
-16.52823067 20.00890160 341.77523804
-17.24363518 19.99861717 341.86886597
-16.52175713 19.47460938 341.77923584
-17.23716354 19.46482086 341.87286377
-16.28120232 18.92219353 341.99023438
-17.23053932 18.93092918 341.87686157
-16.50795746 18.40572357 341.78796387
-17.22397423 18.39702797 341.88085938
-16.26819611 17.85218811 341.99838257
-17.25611115 17.74520493 341.78527832
-16.28649902 16.12958527 341.91165161
-17.04195213 16.00564766 341.90426636
-17.03532982 15.47135258 341.90823364
-16.30544472 14.40746403 341.82406616
-17.02223015 14.40246201 341.91616821
-16.29829979 13.87247753 341.82882690
-17.01566696 13.86786938 341.92013550
-16.29170418 13.33728218 341.83285522
-17.00910187 13.33326721 341.92416382
-16.28529167 12.80218220 341.83691406
-17.00259781 12.79867172 341.92816162
-16.27869797 12.26688099 341.84103394
-16.99603462 12.26387405 341.93218994
-16.27225494 11.73158360 341.84503174
-16.98944092 11.72918129 341.93615723
-16.25924492 10.66088867 341.85317993
-16.74313736 10.63404465 342.15072632
-16.29086494 10.01057434 341.75711060
-17.00866318 10.00975132 341.84735107
-16.12784767 8.34806538 341.87335205
-16.75637436 8.37781048 342.06509399
-16.30285072 7.75492954 341.67312622
-16.78768921 7.72830057 341.96868896
-16.29631615 7.21959305 341.67718506
-16.78109360 7.19301796 341.97268677
-16.05517006 6.65529871 341.88766479
-16.77452850 6.65768337 341.97671509
-16.04869652 6.11936617 341.89184570
-16.76875687 6.12228537 341.98004150
-16.04289246 5.58338690 341.89520264
-16.76216125 5.58685589 341.98406982
-16.03641891 5.04736853 341.89926147
-16.75639153 5.05136776 341.98736572
-16.02991295 4.51129627 341.90338135
-16.75055695 4.51583719 341.99066162
-16.25887871 4.00651264 341.70022583
-16.74399185 3.98026943 341.99472046
-17.07256126 31.96687317 341.80090332
-17.04632187 31.43821526 341.79751587
-17.24630356 31.37095833 342.91687012
-17.02106094 30.90933609 341.79421997
-17.22015572 30.84211540 342.91351318
-17.29845810 30.38046837 341.82199097
-17.39801788 30.24578667 344.02828979
-17.27228165 29.85191154 341.81887817
-17.37278366 29.71669006 344.02493286
-16.81712151 28.82700920 341.22146606
-16.50955009 28.13373947 341.12640381
-17.07777214 28.02141571 341.70352173
-17.05150223 27.49245834 341.70031738
-17.75895691 27.46343040 342.32116699
-16.84921455 27.35139084 343.87640381
-17.02529335 26.96331024 341.69708252
-17.73375511 26.93513680 342.31808472
-17.43346405 26.82738113 343.93200684
-15.81830025 26.53771591 341.05291748
-16.69330597 26.43084145 341.66247559
-17.70754814 26.40688133 342.31491089
-17.30415154 26.33203316 343.37051392
-15.95658970 25.92757607 341.03540039
-16.66703606 25.90098000 341.65942383
-17.68228531 25.87838745 342.31182861
-17.88745499 25.81043816 343.42718506
-15.62451077 25.39262962 341.00003052
-16.64073563 25.37111855 341.65637207
-17.74962044 25.22999001 342.27087402
-17.85168648 25.19592857 342.82846069
-15.90291691 24.86600876 341.02932739
-16.30978394 24.83642197 341.62173462
-15.87661552 24.33504295 341.02627563
-16.58822441 24.31110573 341.65029907
-16.99606705 24.28212547 342.24084473
-15.85034561 23.80398178 341.02337646
-16.96130753 23.66721153 341.64093018
-17.29706383 23.59701729 342.20773315
-17.02952576 23.01836777 341.59994507
-17.43544960 22.99038696 342.18954468
-15.95940876 21.97220039 340.93814087
-16.97704697 21.95925522 341.59402466
-17.07908249 21.92488670 342.15231323
-16.23900986 21.44882011 340.96783447
-16.95071602 21.42959785 341.59106445
-17.05287170 21.39521980 342.14950562
-17.15695190 21.36079025 342.70745850
-16.92450714 20.89983177 341.58828735
-17.02748680 20.86541939 342.14645386
-16.89820480 20.36996651 341.58538818
-17.00124550 20.33545876 342.14355469
-16.87202454 19.84000206 341.58261108
-16.97500610 19.80549812 342.14077759
-16.70441437 19.22518158 341.53268433
-17.34730148 19.16746140 342.13049316
-17.00660515 18.54502678 341.49957275
-17.41464043 18.52057648 342.08877563
-16.64907265 17.47417831 341.46176147
-17.36310577 17.46161079 342.08316040
-16.62277031 16.94361115 341.45904541
-17.33683586 16.93205261 342.08032227
-16.59643745 16.41304970 341.45629883
-17.61561966 16.41432571 342.10919189
-16.87616730 15.89477253 341.48590088
-16.54487038 15.35158253 341.45101929
-17.26003647 15.34269047 342.07226563
-16.68237495 14.74809837 341.43283081
-17.19454002 14.73117161 342.03271484
-16.32188606 12.98227596 341.32904053
-17.17946625 13.06397820 341.99844360
-16.29561234 12.45101070 341.32635498
-17.01185226 12.44686985 341.94799805
-16.68143654 11.90053844 341.91339111
-16.24389076 11.38813877 341.32125854
-16.65504456 11.36956978 341.91079712
-16.62977791 10.83846283 341.90832520
-16.60344505 10.30729294 341.90579224
-16.55169487 9.24481964 341.90072632
-16.11310768 8.72974205 341.30886841
-16.62025452 8.59991932 341.85791016
-16.63605690 6.89298630 341.80996704
-16.61069870 6.36166811 341.80758667
-16.58439636 5.83031940 341.80508423
-16.55900764 5.29884481 341.80282593
-16.53365326 4.76731825 341.80038452
-16.50734901 4.23575544 341.79803467
-16.92381859 4.22337246 342.38565063
-16.36330032 3.45797682 341.68109131
-17.08532524 3.46923161 342.30108643
-17.40200043 31.27843285 341.83422852
-17.13999367 31.03139496 340.73739624
-17.64261055 30.39910889 343.84585571
-17.20035362 30.36004829 340.75592041
-17.13788795 30.19829559 341.52420044
-17.37910461 30.15130234 342.75592041
-17.26019287 29.68905449 340.77365112
-17.10398102 29.65452957 341.49624634
-17.34593391 29.60888290 342.72863770
-17.07071686 29.11062050 341.46899414
-17.56901550 28.89517403 342.93063354
-16.35757446 28.85325813 344.14984131
-17.16269684 28.20515251 344.20477295
-17.00406647 28.02237892 341.41445923
-17.55417252 27.22005844 341.98852539
-17.59756851 27.18391800 342.96374512
-17.32301521 26.68004227 341.70571899
-17.56433487 26.64179611 342.93664551
-17.68401337 26.13142967 342.18850708
-17.53101158 26.09947586 342.90945435
-17.25554276 25.59275436 341.65078735
-17.22215462 25.04883957 341.62368774
-17.26729202 25.01621819 342.60171509
-17.34323692 24.40523720 341.73474121
-17.43161774 24.47205734 342.82901001
-17.08796501 22.87225723 341.51565552
-16.92652130 22.59508705 342.07254028
-16.22982216 22.53486061 343.01092529
-17.24262810 22.08119202 341.57717896
-16.89301300 22.05096436 342.04550171
-16.19643402 21.99063873 342.98385620
-17.20896721 21.53707695 341.55020142
-16.85944176 21.50674057 342.01855469
-16.16298676 21.44632721 342.95672607
-16.97691727 20.99082375 341.26641846
-16.82593155 20.96242523 341.99151611
-16.94328690 20.44590378 341.23947144
-16.98983383 20.42055321 342.21945190
-16.84089470 20.39271545 342.94387817
-17.03894424 19.82042313 341.32778931
-17.24901390 19.75735474 342.49221802
-17.30995941 19.09185791 342.50930786
-17.27632904 18.54844093 342.48245239
-16.99839783 18.02182198 341.22030640
-17.24266815 18.00491714 342.45559692
-16.96403503 17.47686005 341.19268799
-17.20891571 17.46139717 342.42874146
-17.12784576 16.93732643 341.42233276
-17.17528343 16.91767502 342.40188599
-17.05945206 15.84773922 341.36801147
-17.12137413 15.18239498 341.38555908
-17.16967010 15.16548443 342.36596680
-17.18253517 14.51740646 341.40240479
-17.23092270 14.50149345 342.38287354
-17.19717026 13.95767021 342.35607910
-17.11404991 13.42781734 341.34826660
-16.96584702 13.40501308 342.07379150
-17.08017159 12.88279247 341.32156372
-16.93194008 12.86048698 342.04711914
-16.69979095 12.30628490 341.76419067
-17.01144409 11.79260063 341.26748657
-16.97738266 11.24728107 341.24087524
-16.63188553 11.21564484 341.71075439
-16.94335365 10.70185947 341.21435547
-16.69417381 10.55169296 341.72805786
-16.75594711 9.88801384 341.74441528
-16.72194672 9.34278774 341.71780396
-16.68791962 8.79740906 341.69110107
-16.74052811 8.79096889 342.67370605
-16.65385818 8.25197220 341.66455078
-16.70652962 8.24648571 342.64712524
-16.61967659 7.70643997 341.63803101
-16.67247009 7.70190048 342.62060547
-16.40717125 6.59769249 342.31265259
-16.61412048 5.95259857 341.60189819
-16.43553925 5.89176512 342.25775146
-16.67629242 5.29046297 341.61804199
-16.53227615 5.27396774 342.34564209
-16.64204979 4.74484873 341.59161377
-16.49809456 4.72882509 342.31906128
-16.54068756 4.11080551 341.42257690
-16.59431267 4.11206913 342.40615845
-17.26152229 29.91929817 343.64834595
-16.61972427 29.89801788 344.07742310
-16.01802254 29.88406944 344.16073608
-17.29506874 29.64194489 342.33712769
-16.60057449 29.33296204 344.02917480
-15.96030617 29.31209183 344.45919800
-17.27579689 29.07426071 342.28778076
-17.25630760 28.50657845 342.23840332
-16.52840614 28.33552361 343.82412720
-17.18440437 27.65674782 343.45135498
-17.76880836 25.97665405 342.87426758
-17.74922943 25.40987968 342.82492065
-17.77032089 24.84567451 342.42568970
-17.12684822 24.82822990 342.85787964
-17.14735794 24.26318359 342.45953369
-17.16783714 23.69708633 342.06015015
-16.55927277 23.54896164 342.60403442
-16.44563484 22.54389763 342.74664307
-17.17784691 21.73012733 342.13009644
-16.49532700 21.71520424 342.91363525
-17.15820694 21.16180992 342.07971191
-16.47544289 21.14782333 342.86425781
-17.13838196 20.59344292 342.03024292
-16.45577240 20.58045006 342.81488037
-17.07284164 19.89906311 342.78701782
-17.09852028 19.45619011 341.93136597
-17.07857323 18.88742065 341.88189697
-16.95799446 17.75735092 342.48260498
-17.08931923 16.92310333 341.95101929
-17.06934166 16.35433578 341.90151978
-17.04924202 15.78536701 341.85211182
-17.02911186 15.21629906 341.80261230
-17.00895119 14.64729309 341.75213623
-17.02483368 13.95074844 341.81250000
-17.04071426 13.25455856 341.87200928
-17.00020981 12.11639309 341.77194214
-16.39874458 12.09947300 341.86114502
-16.97995758 11.54722786 341.72244263
-16.91904831 10.98792458 342.02267456
-16.89876747 10.41905785 341.97317505
-16.83776855 9.86114979 342.27346802
-16.85389709 9.16747284 342.33309937
-16.95160675 8.44935989 341.69296265
-16.89027405 7.89290953 341.99331665
-16.91082764 7.31040812 341.59292603
-16.22942924 7.31984472 342.38491821
-16.89030075 6.74074841 341.54339600
-16.86608505 6.06186819 341.95404053
-16.22591782 6.05880928 342.39514160
-16.88279343 5.36930037 342.01361084
-16.24284363 5.36672735 342.45489502
-16.82131195 4.81610680 342.31323242
-16.84161758 4.23121929 341.91467285
-15.88381195 31.22846985 344.67257690
-16.83126831 30.55455399 344.65530396
-15.75559330 30.55070114 344.77529907
-15.76035023 29.96668053 344.72528076
-16.67535591 29.52554703 343.83731079
-17.59865189 28.49253464 342.89538574
-16.86505318 27.90551567 341.86907959
-16.87364006 26.72715759 341.76889038
-16.35983849 26.72780991 341.40570068
-17.56154633 25.85895538 342.05740356
-16.87826920 26.13785553 341.71835327
-16.30592346 26.00013351 341.46649170
-17.27906227 25.27218819 342.25320435
-17.79666710 24.68288803 342.56649780
-16.32446861 22.65789223 343.00775146
-16.61327934 22.06477356 342.71356201
-16.33284569 21.48323631 342.90762329
-16.62238693 20.88877487 342.61254883
-17.71244240 20.28585625 342.43368530
-16.34189224 20.30823708 342.80654907
-17.43060493 19.70461082 342.62771606
-16.63137245 19.71237946 342.51147461
-17.72200394 19.10712051 342.33160400
-16.63953209 18.53553963 342.41091919
-16.64400864 17.94704437 342.36029053
-17.62919426 15.89105701 342.30059814
-16.54243660 15.91375065 342.43109131
-17.63354874 15.30146694 342.24981689
-16.54679108 15.32525635 342.38043213
-17.63790321 14.71178246 342.19897461
-16.55123711 14.73676586 342.32971191
-17.64225578 14.12189770 342.14813232
-16.55482864 14.14802933 342.27969360
-17.64728165 13.53205776 342.09661865
-16.55921364 13.55924129 342.22894287
-17.65157318 12.94207764 342.04571533
-16.50658607 12.83835983 342.29019165
-17.26320648 10.92524338 342.36276245
-16.46269989 10.94060421 342.24993896
-17.26749992 10.33596134 342.31182861
-16.46628952 10.35186863 342.19992065
-17.27173042 9.74656200 342.26095581
-16.47061539 9.76297760 342.14910889
-16.98929405 9.17534542 342.45501709
-16.47481728 9.17404366 342.09823608
-17.28019524 8.56746101 342.15908813
-16.47840691 8.58496094 342.04809570
-17.22787476 7.84801054 342.22070313
-16.42621040 7.86606312 342.10989380
-17.18398666 5.95005274 342.18048096
-16.38186646 5.96975136 342.07073975
-17.18818855 5.36049509 342.12954712
-16.38609886 5.38075924 342.01986694
-17.19239044 4.77084970 342.07855225
-16.38959694 4.79164314 341.96966553
-16.79652023 3.94825649 342.49942017
-16.33779907 4.07446003 342.03192139
-17.77929878 26.91308403 341.92501831
-17.54785919 26.04095078 341.97866821
-16.93446159 25.46591377 342.53805542
-19.02300835 24.94380188 344.36328125
-18.88855743 24.94871330 343.74530029
-17.72056770 24.84641075 342.52975464
-19.30340576 24.19619751 344.38723755
-18.78170586 24.21459007 343.75561523
-17.35398483 24.26493263 342.48587036
-19.32208824 23.59937477 344.35488892
-18.80038834 23.61836624 343.72332764
-17.37065506 23.67035484 342.45376587
-18.95355415 23.01715279 344.30853271
-18.81803131 23.02202225 343.69100952
-18.97116852 22.42071342 344.27612305
-18.45047569 22.44088554 343.64553833
-17.92770958 22.46104622 343.01660156
-17.79023552 22.46588707 342.40133667
-18.34356689 21.70864296 343.65637207
-17.94538498 21.86570358 342.98440552
-17.80693245 21.87061691 342.36917114
-16.94617462 21.03167915 343.01342773
-17.88760185 19.80344009 343.58950806
-17.90625572 19.20831490 343.55722046
-17.92390251 18.61306953 343.52496338
-17.57384491 17.44259262 343.44711304
-17.59152222 16.84775543 343.41476440
-17.78055000 14.77355003 343.41906738
-17.79926300 14.17832470 343.38677979
-17.43140984 13.60700035 343.34109497
-17.44908714 13.01215839 343.30880737
-17.46679497 12.41721439 343.27651978
-17.28894997 9.77531147 343.23678589
-16.76289940 9.80775070 342.61181641
-17.30558968 9.18052673 343.20449829
-16.78054619 9.21360970 342.57971191
-17.32323456 8.58569241 343.17224121
-16.79721451 8.61939144 342.54748535
-17.34088135 7.99079561 343.13995361
-16.81382561 8.02511024 342.51531982
-17.35855865 7.39584017 343.10769653
-16.83147240 7.43079138 342.48315430
-16.99159813 6.83157015 343.06207275
-16.84814262 6.83638334 342.45098877
-17.00827026 6.23706675 343.02978516
-16.86478043 6.24192333 342.41882324
-16.88142014 5.64740467 342.38659668
-16.77522087 4.92433977 342.40011597
-16.75353432 5.05787563 341.74411011
-16.66816711 4.20166302 342.41372681
-16.52260399 4.20658970 341.80395508
-16.84465218 31.78824043 342.70059204
-16.89066315 31.79918671 341.91351318
-16.28451920 24.61127663 341.91635132
-16.85723877 18.06870461 342.22717285
-16.75502205 17.35964394 342.16381836
-16.25368500 16.83430099 341.63366699
-16.28451347 15.67769146 341.60494995
-16.29994202 15.09923553 341.59060669
-16.83286285 14.46227264 342.09280396
-16.84832191 13.88261890 342.07846069
-16.48650742 13.20594025 341.75701904
-16.67267418 11.30993366 341.92376709
-16.42975616 10.76348591 341.65142822
-16.43684006 8.99190712 342.39862061
-16.21672249 9.06127930 341.34994507
-16.19438362 8.44736671 342.12582397
-15.97438908 8.51786423 341.07843018
-16.46839714 7.83249712 342.37066650
-16.48306084 7.25276661 342.35565186
-16.49842834 6.67300987 342.34133911
-15.94811821 6.60600471 341.05743408
-16.16720772 4.84834909 341.99142456
-16.08557129 4.76400137 341.15393066
-16.06451035 4.14569092 341.92999268
-15.86149979 31.41049957 344.06201172
-16.89220047 31.22640038 340.84298706
-16.43540001 30.83810043 343.90301514
-16.89850044 30.67420006 340.84100342
-15.87440014 30.26889992 344.73901367
-16.44179916 30.28129959 343.90200806
-16.90690041 30.09390068 341.50698853
-16.45470047 29.16740036 343.89898682
-16.82239914 28.76379967 340.62298584
-16.30540085 24.91410065 340.77200317
-16.27969933 24.25250053 341.14300537
-16.32460022 23.23629951 341.10000610
-16.33110046 22.66220093 341.43301392
-16.33740044 22.10860062 341.43099976
-16.85020065 21.96949959 341.16101074
-16.86319923 16.31069946 341.03500366
-16.86969948 15.72949982 341.36700439
-16.87579918 15.17520046 341.36499023
-16.88199997 14.62090015 341.36300659
-16.88839912 14.03740025 341.69699097
-16.89430046 13.51210022 341.35800171
-16.90049934 12.95759964 341.35598755
-16.91300011 11.81739998 341.68600464
-16.85210037 11.12349987 341.31900024
-16.26460075 10.48130035 341.63598633
-16.27070045 9.92644978 341.63299561
-16.27680016 9.37156010 341.63101196
-16.83679962 9.39142990 341.12899780
-16.28300095 8.81663990 341.62899780
-16.84280014 8.80321980 341.46099854
-16.84880066 8.24835014 341.45901489
-16.85479927 7.72837019 341.12100220
-16.30130005 7.15164995 341.62200928
-16.86079979 7.13850021 341.45300293
