7.25013733 40.96523666 346.91076660
6.19699097 40.70943069 347.45141602
4.66529846 40.67990875 346.91827393
6.69692993 40.17890930 347.10931396
5.68612671 40.15021133 347.01852417
4.67648315 40.12173843 346.92507935
7.82505798 39.90821457 347.41940308
6.70802307 39.61865616 347.11618042
5.69729614 39.59094620 347.02539063
4.68754578 39.56348038 346.93191528
7.39231873 39.15946579 347.73901367
5.96896362 39.03009796 347.25170898
4.69786072 39.00499725 346.93807983
6.50447083 38.46599960 347.70013428
4.71919250 37.88794327 346.95120239
7.60401917 36.20430756 348.61563110
5.56756592 36.16079712 348.42190552
7.61576843 35.64062881 348.62322998
6.85971069 35.61514664 348.74942017
5.84086609 35.59446335 348.65097046
4.20365906 35.32527161 347.89434814
6.11503601 35.02692795 348.88064575
4.21469116 34.76542282 347.90121460
6.00505066 34.37985229 348.74179077
4.22502136 34.20543671 347.90750122
3.78298950 34.30409241 348.35626221
5.96817017 33.72941208 347.10226440
5.21629333 33.70562363 347.22686768
4.23597717 33.64535904 347.91445923
3.74440002 33.61531448 348.25616455
5.55329895 33.02531052 346.67373657
4.19686890 32.95738220 347.81344604
3.75469971 33.05513000 348.26235962
5.10705566 32.37582397 346.24539185
5.11790466 31.81702232 346.25250244
3.77525330 31.93436623 348.27490234
5.65036011 31.24081993 346.69699097
4.67041016 31.17996788 347.38418579
4.17898560 31.14962578 347.72570801
3.73698425 31.24659538 348.17446899
5.66191101 30.68085289 346.70480347
5.17152405 30.65031624 347.04812622
4.68130493 30.61990166 347.39120483
4.18997192 30.58945656 347.73266602
3.69802856 30.55902672 348.07327271
6.19596863 30.10126686 347.15057373
5.18240356 30.09014320 347.05514526
4.69157410 30.05960846 347.39755249
3.70826721 29.99873734 348.07952881
5.71723938 29.50934982 347.50302124
4.70245361 29.49933815 347.40457153
5.72737122 28.94796753 347.50949097
4.45294189 28.94964981 347.19186401
4.46296692 28.38965988 347.19833374
6.01153564 27.81285667 347.74435425
6.02302551 27.25059128 347.75219727
4.48396301 27.26928902 347.21188354
5.61595154 26.64504814 347.37496948
4.44561768 26.58392715 347.11145020
5.15974426 25.91611671 346.89019775
4.40802002 25.89886475 347.01171875
5.17050171 25.35553169 346.89736938
4.41807556 25.33878326 347.01812744
5.18125916 24.79485321 346.90460205
4.42889404 24.77859688 347.02536011
4.17890930 24.23340034 346.81292725
3.68682861 24.20268250 347.15084839
4.40098572 23.53425217 346.93106079
3.64901733 23.51913071 347.04989624
4.10290527 22.86677742 346.61148071
4.42230225 22.41369629 346.94555664
4.38452148 21.73014259 346.84457397
4.39521790 21.16976547 346.85186768
3.64263916 21.15672302 346.96984863
4.40521240 20.60936356 346.85845947
3.65267944 20.59673500 346.97644043
4.41586304 20.04878807 346.86578369
3.66265869 20.03674507 346.98297119
4.42652893 19.48820686 346.87304688
3.67327881 19.47667122 346.99026489
2.78543091 19.39746094 349.32403564
1.72058105 19.28329277 349.10137939
4.31748962 18.85305977 346.73446655
1.96716309 18.77287865 348.55371094
4.09028625 18.14448166 346.45129395
5.34193420 18.28233147 349.21875000
2.75695801 18.14983940 349.22610474
4.10169983 17.58451080 346.45928955
5.30368042 17.59528542 349.11535645
2.24572754 17.62986755 348.78726196
4.37199402 17.00284195 346.68450928
2.79911804 16.94480515 348.41891479
4.12223816 16.46433067 346.47326660
2.40686035 16.31767082 348.02798462
4.13209534 15.90404224 346.47994995
3.17123413 15.76510143 347.92193604
2.41690063 15.75699139 348.03442383
4.14271545 15.34376431 346.48733521
3.18127441 15.20372105 347.92840576
3.63156128 14.83082485 346.05697632
2.93116760 14.66613102 347.71463013
4.11524963 14.10343647 346.39251709
2.63436890 14.00990677 347.39215088
4.07872009 13.42371273 346.29156494
3.82856750 12.88899517 346.08068848
2.81741333 12.90849400 345.97811890
4.09901428 12.30322647 346.30575562
3.08590698 12.32379913 346.20230103
4.10891724 11.74283314 346.31250000
3.09577942 11.76450062 346.20901489
4.11938477 11.18234825 346.31994629
2.84686279 11.23201180 345.99826050
4.38980103 10.59428120 346.54504395
4.39961243 10.03308582 346.55184937
4.36285400 9.35436440 346.44976807
2.90110779 9.38879871 345.94705200
4.06506348 8.70513439 346.12960815
2.79319763 8.76129150 345.80862427
4.34626770 7.55385876 346.36193848
3.07170105 7.61328125 346.03945923
4.35678101 6.99274158 346.36944580
3.34129333 7.02293015 346.26409912
4.36648560 6.43153572 346.37631226
3.61149597 6.43147755 346.48941040
4.37625122 5.87025166 346.38317871
3.62127686 5.87074280 346.49618530
9.68199158 5.44768238 335.48400879
7.46337891 5.54912472 335.18353271
6.75540161 5.38720798 335.24981689
6.27792358 5.35411072 335.58551025
5.92294312 5.45036316 336.86746216
4.88674927 5.35636997 339.77432251
3.11119080 5.16934967 343.56869507
3.01884460 5.14344883 345.84887695
2.00807190 5.17705154 345.74295044
11.44815063 5.10529137 336.33325195
10.87486267 4.84617043 336.46832275
8.60626221 4.87446499 335.32302856
6.25648499 4.90178299 334.85845947
4.85406494 4.70688438 336.59747314
4.97325134 4.83498383 337.54437256
4.56642151 4.81899166 338.72427368
3.85534668 4.72240639 339.59399414
4.66452026 4.72572422 343.44989014
2.37347412 4.61411953 343.69085693
1.88233948 4.58277321 344.01773071
1.99502563 4.71549129 344.98992920
1.68022156 5.14601135 345.74392700
1.35174561 4.60991192 345.93060303
1.11904907 4.78764820 346.61810303
0.62338257 4.75698853 346.94235229
2.09347534 4.68551064 352.31399536
0.04939270 4.50810528 351.10073853
-0.71255493 4.51166821 351.19656372
-1.00491333 4.75799370 353.51416016
-1.51094055 4.72855473 353.83337402
-2.10664368 4.46331310 353.92687988
-2.00422668 4.60239124 354.93142700
-2.33813477 4.55093384 355.40371704
-3.02066040 4.54457092 355.56417847
10.62680054 4.32437706 336.27667236
8.75807190 4.22801685 335.39813232
7.21012878 4.21185589 334.83132935
5.74557495 4.20974350 335.09997559
5.34353638 4.19088173 336.27337646
4.86451721 4.15813255 336.60638428
4.50335693 4.25236416 337.88610840
4.04878235 4.12260914 338.95977783
3.56523132 4.09041595 339.29019165
-0.46116638 4.01242638 350.65515137
-2.59408569 3.77028823 355.02432251
11.59191895 3.62741351 336.24502563
10.69338989 3.68522954 336.28451538
8.76977539 3.67725968 335.40856934
7.22103882 3.66326213 334.84106445
5.35462952 3.64206481 336.28289795
4.87571716 3.60931659 336.61587524
4.51309204 3.70213103 337.89419556
4.45158386 3.37944007 338.42697144
4.05941772 3.57137561 338.96838379
3.65957642 3.62706780 346.52276611
-0.80133057 3.25190806 350.21319580
-1.77828979 2.99342084 352.38922119
-2.14794922 3.31412578 353.04571533
9.92967224 3.13284087 335.63555908
8.52442932 3.15958762 335.21844482
7.78984070 3.15923667 335.35513306
3.12782288 2.91981483 346.74853516
2.63255310 2.88869500 347.07669067
2.18107605 2.97275901 347.51235962
0.85688782 2.71085429 351.79211426
9.52893066 2.57555413 335.29156494
8.59075928 2.52404618 335.22644043
7.75473022 2.49849248 335.26119995
3.56086731 2.37699676 345.55392456
1.73683167 2.17797112 349.38012695
1.54354858 2.22753286 350.03973389
9.80027771 1.98978114 335.50421143
8.71264648 1.80319095 335.23257446
7.72113037 1.83806777 335.16857910
7.24336243 1.80454302 335.50448608
6.88978577 1.89067912 336.78802490
6.41004944 1.85756922 337.12313843
5.96098328 1.72247005 338.19976807
5.60009766 1.81074691 339.48947144
5.11512756 1.77820992 339.82138062
5.23574829 1.90053630 340.78259277
4.74949646 1.86829686 341.11444092
3.80177307 1.70205712 342.52722168
3.91873169 1.82598376 343.49652100
3.49914551 1.80575633 344.69134521
3.03141785 1.67191958 345.78012085
2.53649902 1.64067817 346.10662842
2.10899353 1.62123370 347.30511475
1.22557068 1.68684459 348.94110107
0.74533081 1.55389524 350.03280640
0.85488892 1.68241525 351.02725220
0.41603088 1.66591048 352.23623657
-0.13348389 1.51977706 352.44473267
-0.62287903 1.38715720 353.54028320
-1.02420044 1.48805499 354.86599731
7.73204041 1.28835130 335.17840576
6.42041016 1.30642891 337.13208008
5.12571716 1.22464919 339.83004761
4.75947571 1.31331706 341.12234497
4.30050659 1.17801070 342.20513916
3.43765259 1.23694873 343.83267212
2.97068787 1.10212541 344.91784668
2.47715759 1.07081532 345.24426270
1.62165833 1.02960420 347.63632202
-1.01565552 0.92004514 354.86990356
-1.52494812 0.89086509 355.18667603
6.08663940 40.41713333 347.66448975
4.71186829 39.71598816 347.12292480
4.89833069 39.06623077 347.07177734
4.65226746 38.35253906 346.43200684
4.70745850 37.22252274 346.42004395
4.25662231 37.18049240 347.04156494
4.73553467 36.65732956 346.41412354
4.28364563 36.61577225 347.03558350
4.65939331 36.05600739 347.00332642
4.68748474 35.49060822 346.99743652
4.71559143 34.92512131 346.99157715
4.50010681 34.85274506 348.18115234
4.04315186 34.81277466 348.79995728
4.28492737 34.22352982 346.96972656
4.41716003 34.15428543 348.13235474
3.61441040 34.11180496 348.77587891
4.20394897 33.52634430 346.92144775
4.33424377 33.45615005 348.08346558
3.18568420 33.41225433 348.75158691
4.23098755 32.96141052 346.91564941
3.66777039 32.88658524 348.12835693
3.21272278 32.84831619 348.74563599
5.62976074 32.70191956 346.31921387
4.25906372 32.39641190 346.90979004
4.04264832 32.32355118 348.09698486
3.58554077 32.28572083 348.71499634
4.98170471 31.83345604 346.85064697
3.37605286 31.75638008 348.14190674
5.00987244 31.26714897 346.84478760
4.20603943 31.22954369 347.49191284
3.06585693 31.03482628 348.09957886
5.38682556 30.70082664 346.81216431
4.58096313 30.66423225 347.46005249
3.21296692 30.36629868 348.04388428
5.76379395 30.13330841 346.77951050
4.95790100 30.09769630 347.42800903
2.89408875 29.80313110 348.06359863
4.40913391 29.46755409 347.43988037
4.55615234 28.83586693 347.39941406
3.63996887 28.67214775 348.00082397
4.72715759 27.67628860 347.36856079
4.52841187 27.00740623 347.33847046
3.86154175 26.44918251 347.38565063
4.69276428 25.91203499 346.73388672
4.23559570 25.87953758 347.35369873
4.72196960 25.34566498 346.72814941
3.91569519 25.31870651 347.37454224
4.63888550 24.65084267 346.67868042
3.56683350 24.58598900 347.32815552
4.20971680 23.96252251 346.65658569
3.40640259 23.93788910 347.30215454
4.23785400 23.39692497 346.65100098
3.77957153 23.36651039 347.26998901
4.26594543 22.83121490 346.64544678
3.46153259 22.80854988 347.29101563
4.29302979 22.26527596 346.63998413
3.48860168 22.24380493 347.28552246
4.32115173 21.69937515 346.63446045
3.51565552 21.67886162 347.27999878
3.09225464 20.90711212 346.62277222
4.37635803 20.56722832 346.62356567
4.06484985 19.85555649 346.58126831
3.86683655 19.19330978 346.55126953
3.87033081 19.07047844 348.29678345
3.29054260 19.00686073 349.50213623
3.54876709 18.63901138 346.57345581
2.62509155 18.46417999 349.54592896
2.50578308 18.42710114 350.13388062
3.57580566 18.07396698 346.56811523
2.65115356 17.89960670 349.54025269
2.07817078 17.74927521 350.10653687
3.95013428 17.49664688 346.53503418
3.02349854 17.32256126 349.50982666
3.74998474 16.87505722 346.52120972
2.93986511 16.84456825 348.35238647
2.82257080 16.80744362 348.94085693
3.09503174 16.14307594 346.49020386
2.06059265 16.05785179 348.30810547
2.88661194 15.59084034 348.29608154
4.06805420 15.07872677 346.44863892
3.33639526 14.96520901 348.24057007
3.86993408 14.41959286 346.41830444
3.17477417 14.32209873 348.21334839
3.55061340 13.86944103 346.44110107
3.66548157 13.77875614 347.59243774
2.85644531 13.77262783 348.23413086
3.57875061 13.30423260 346.43579102
3.34617615 13.22903728 347.61389160
2.88253784 13.20785236 348.22866821
3.60589600 12.73878384 346.43054199
3.37335205 12.66369343 347.60848999
3.44618225 12.09751701 346.40435791
3.40037537 12.09825230 347.60311890
3.09774780 11.38105392 346.35726929
3.45462036 10.96716213 347.59243774
3.68618774 10.30782986 346.33956909
3.37223816 10.27941418 347.54113770
3.52542114 9.66752529 346.31332397
3.29087830 9.59210587 347.48971558
3.55250549 9.10208225 346.30807495
2.62687683 9.06672955 347.53863525
3.58064270 8.53661919 346.30294800
3.11679077 8.51938438 346.91894531
2.99850464 8.48180866 347.50625610
3.95428467 7.95001507 346.26931763
3.14385986 7.95435810 346.91369629
3.02558899 7.91679001 347.50100708
3.75486755 7.33443737 346.25540161
3.17097473 7.38924980 346.90850830
2.52018738 7.30020523 347.50097656
4.70373535 6.77343845 346.20211792
4.38328552 6.22866154 346.22552490
3.22517395 6.25883102 346.89819336
3.96199036 5.48313522 345.56787109
3.95529175 5.56509018 346.20260620
3.03512573 5.45392132 346.80032349
3.13293457 5.65598202 347.48001099
7.04985046 5.58972836 334.21496582
6.49679565 5.45422745 334.80621338
6.13352966 5.39015293 335.41159058
6.06668091 5.51624775 336.07473755
5.96653748 5.47657585 336.66775513
5.62944031 5.57835197 337.34091187
4.96470642 5.32485390 337.88262939
4.86157227 5.28554630 338.47357178
4.41284180 5.26949406 339.09960938
3.96412659 5.25363255 339.72424316
7.65937805 5.41973114 340.74313354
2.58456421 4.98315430 343.87918091
2.04835510 5.01603889 344.52069092
1.93299866 4.97813988 345.10598755
1.55242920 4.91648960 345.69503784
1.35665894 4.92634773 346.30410767
1.56622314 4.94651985 347.49069214
-0.07884216 4.83270454 350.47964478
-0.65362549 4.70095253 351.03634644
-1.04348755 4.64076900 351.61523438
-1.25140381 4.65209007 352.21725464
-1.16299438 4.72719479 352.83560181
-1.40776062 4.69902515 353.42077637
-1.98571777 4.56776810 353.97082520
-2.38069153 4.50829887 354.54446411
-2.59359741 4.52038193 355.14257813
-2.44160461 4.67567921 355.79187012
0.47261047 4.75967789 357.53018188
5.53321838 4.73656654 336.02297974
5.08964539 4.72040176 336.65255737
3.54336548 4.67423534 340.34317017
2.08406067 4.37288666 343.88500977
1.05279541 4.30739403 345.69793701
-1.80339050 3.96167493 352.76345825
-3.01524353 3.86748242 355.10763550
-3.88456726 3.91759324 355.73614502
5.56538391 4.17097664 336.01895142
5.12171936 4.15532398 336.64843750
4.50172424 4.01832771 343.83212280
1.91979980 3.74127555 349.81069946
6.58081055 3.67633700 334.15823364
6.04107666 3.62059426 335.38397217
5.59645081 3.60527062 336.01498413
5.15278625 3.59012628 336.64443970
4.49972534 3.49632812 338.45291138
4.05093384 3.48184752 339.07806396
5.45317078 3.39843345 341.94763184
4.99438477 3.38480496 342.57077026
4.53546143 3.37145829 343.19250488
4.42126465 3.33305907 343.78167725
4.30603027 3.29476523 344.37066650
3.72680664 3.24386811 345.57693481
3.26278687 3.23136973 346.19308472
2.79776001 3.21899486 346.80764771
2.90083313 3.11853909 347.95184326
2.08700562 3.13218284 348.59002686
1.96263123 3.09500289 349.17419434
1.02328491 3.07225347 350.39025879
-1.02633667 2.92651057 350.99581909
-1.49462891 2.91572547 351.59732056
5.09346008 2.78545785 340.74563599
4.45404053 2.68694091 343.14199829
3.99511719 2.67428708 343.76190186
3.18125916 2.54782653 346.14132690
2.71626282 2.53599715 346.75570679
0.94070435 2.39081621 350.33709717
0.81324768 2.35408664 350.91864014
0.57719421 2.19893479 351.45181274
6.83981323 2.29063773 337.04010010
6.39012146 2.27671766 337.67059326
5.61993408 2.14480042 340.07470703
4.71022034 2.11900544 341.32373047
4.59898376 2.08015275 341.91323853
3.45262146 1.97873688 344.32965088
3.33634949 1.94059110 344.91656494
2.16957092 1.84234405 347.31658936
1.70341492 1.83146024 347.92776489
0.85903931 1.70977855 350.28375244
0.73057556 1.67299962 350.86511230
-10.06050110 -7.76193428 347.30255127
-0.69328308 1.34551358 353.13208008
-0.50483704 1.66342425 353.85726929
-1.17489624 1.53469872 355.58670044
7.52087402 1.81647229 335.21527100
7.07423401 1.80259633 335.84866333
6.97314453 1.76250148 336.44244385
6.87106323 1.72251225 337.03607178
6.42134094 1.70911670 337.66644287
5.97056580 1.69596577 338.29556274
5.86534119 1.65644813 338.88735962
4.84953308 1.59189248 340.72955322
4.73936462 1.55292916 341.31924438
4.17384338 1.42364860 341.89578247
3.71585083 1.41173530 342.51660156
3.71224976 1.49044180 343.15008545
3.59703064 1.45202804 343.73757935
3.48071289 1.41374660 344.32479858
2.83268738 1.33333278 344.92056274
2.44895935 1.27422357 345.51025391
2.32862854 1.23632836 346.09521484
2.31698608 1.31602192 346.72692871
2.19561768 1.27846217 347.31137085
1.54347229 1.19890523 347.89999390
1.15464783 1.14057589 348.48464966
1.02920532 1.10339761 349.06686401
0.90278625 1.06634927 349.64865112
0.77638245 1.02946877 350.23004150
0.41276550 1.13764381 350.88351440
-0.05957031 1.12842822 351.48730469
-0.32154846 1.05577874 352.64572144
-0.45404053 1.01963615 353.22430420
-0.58749390 0.98361802 353.80252075
-0.85859680 0.91193247 354.95761108
-1.67900085 0.93158770 355.57348633
-1.81765747 0.89615178 356.14889526
4.81729126 41.14282227 347.18960571
4.61344910 40.55735397 347.42715454
4.87466431 40.19011688 346.32189941
4.40824890 39.97266769 347.66632080
4.79994202 39.48074722 346.34234619
4.02067566 38.72669220 347.15936279
4.12869263 38.68284607 347.92529297
3.94577026 38.02019501 347.17993164
4.23991394 36.89790344 346.86328125
4.27055359 36.32943344 346.83703613
4.30043030 35.76088715 346.81149292
4.56498718 35.20382309 346.52041626
3.63269043 34.80199814 349.19854736
4.59567261 34.63454819 346.49411011
4.05180359 33.90708160 347.04483032
3.81970215 33.72025299 348.12078857
3.97566223 33.20221710 347.06573486
3.61730957 33.14346695 348.35778809
4.31124878 32.73456192 346.74337769
3.41491699 32.56779861 348.59475708
4.50379944 32.08343887 346.48361206
3.33927917 31.86629677 348.61502075
4.29893494 31.33224678 347.53741455
3.63189697 30.74172020 348.30090332
3.32305908 30.03312302 348.58425903
3.58578491 29.47338486 348.29544067
4.17434692 27.38264656 346.85253906
3.86442566 26.67612839 347.13781738
3.89517212 26.10795212 347.11169434
3.92602539 25.53967667 347.08563232
3.95613098 24.97122955 347.06033325
3.87969971 24.27024651 347.07989502
3.80328369 23.56955719 347.09936523
3.13761902 23.00047302 347.86593628
3.63191223 22.43331718 347.31262207
3.43037415 21.86620903 347.55117798
3.54351807 21.21063232 347.38006592
3.68170166 19.62038994 346.41610718
3.55180359 19.59591293 347.44964600
3.20794678 19.31152725 348.56823730
2.86291504 19.02848244 349.68301392
3.26597595 18.79492188 346.74523926
3.46946716 18.74158859 348.28015137
3.29626465 18.22688293 346.72003174
3.16223145 18.04981232 348.56085205
2.69294739 17.90337372 349.89294434
3.32716370 17.65889931 346.69421387
2.86114502 17.51389122 348.03234863
2.62350464 17.36422157 349.10449219
2.72293091 17.33893013 349.86776733
3.35812378 17.09082031 346.66833496
3.45922852 17.06561089 347.43734741
2.65351868 16.79916954 349.07940674
2.98266602 16.76891708 349.58212280
3.38839722 16.52257919 346.64315796
2.85028076 16.40909576 348.07861328
2.68354797 16.23402786 349.05422974
3.65074158 15.94787884 346.35269165
2.38420105 15.69925022 348.52621460
3.44979858 15.38586330 346.59219360
2.87437439 15.11987400 347.97613525
2.74366760 15.10365009 349.00399780
3.41412354 14.64413738 346.53762817
3.28398132 14.62870884 347.57025146
3.29606628 13.99304104 346.62969971
3.16575623 13.97871208 347.66223145
3.32635498 13.42480564 346.60458374
2.96557617 13.42030716 347.90005493
3.58921814 12.84736919 346.31301880
3.22621155 12.84443092 347.61196899
3.38844299 12.28834057 346.55294800
3.02603149 12.28692532 347.84988403
3.65005493 11.70959187 346.26281738
2.87817383 11.62307453 347.96508789
3.91372681 11.12971783 345.97042847
2.41151428 10.92261600 348.41281128
3.71214294 10.57143307 346.21109009
3.01039124 10.46035957 347.81744385
3.40254211 9.88809109 346.49572754
3.10174561 9.82453346 347.68261719
3.32476807 9.19373608 346.51446533
2.96275330 9.20083237 347.81109619
3.12467957 8.63852978 346.75399780
2.99301147 8.63407993 347.78610229
3.69105530 8.12701893 346.16772461
3.25364685 8.05359268 347.49761963
3.41729736 7.48846054 346.43783569
3.28399658 7.48615837 347.47256470
2.97621155 6.80910206 347.75393677
3.71002197 6.33586121 346.12145996
2.97030640 6.20087624 347.74340820
2.60131836 5.58205318 347.24264526
5.96264648 5.92454624 334.97238159
5.48957825 5.81423759 336.36947632
5.16975403 5.78292179 337.63555908
4.07780457 5.62752724 339.69168091
2.19207764 5.25898361 343.39874268
2.21775818 5.28473949 344.28308105
1.18878174 5.14071369 346.23638916
-0.99972534 4.71520233 351.04364014
-1.41859436 4.65331078 352.33666992
-1.95007324 4.64338589 353.77868652
-2.22010803 4.57152176 354.88995361
-2.12844849 4.55801773 355.63821411
0.10911560 4.49387264 356.59042358
0.67216492 4.57500839 356.88534546
1.89727783 4.46418571 358.05706787
5.68597412 5.27492428 335.25698853
4.94017029 5.14114094 336.94717407
4.27261353 5.09216309 338.59326172
3.76727295 4.94374752 339.98519897
1.46879578 4.56954670 344.14550781
1.34472656 4.57198906 345.17993164
-0.44117737 4.25198078 349.62026978
-1.81243896 4.00565910 351.85556030
-2.93064880 3.82416463 354.69921875
-2.83766174 3.81132913 355.44598389
-0.72439575 3.88168454 356.60824585
0.34095764 3.78792167 357.10696411
1.92358398 3.90798879 358.03466797
6.15576172 4.75817299 333.84347534
5.64494324 4.60949802 335.26202393
4.86135864 4.43696690 336.96826172
3.79985046 4.36889839 339.95886230
5.63368225 4.34741116 340.61215210
4.92030334 4.26053047 342.25802612
-8.03746033 -7.28882599 348.38217163
-1.00376892 3.65121055 350.22595215
-1.21371460 3.11643481 356.16299438
-0.80035400 3.20724654 356.62335205
6.07652283 4.04901123 333.86514282
5.83982849 3.92650914 334.98657227
4.31396484 3.76881528 337.54415894
4.42481995 3.75468707 338.32638550
4.06611633 3.77627635 339.65817261
5.55462646 3.64577127 340.63183594
5.18646240 3.66820788 341.96014404
3.49659729 3.46201491 344.60418701
3.08549500 3.29123378 345.84277344
-1.08670044 2.83782268 351.03958130
-3.00120544 2.72530675 355.64993286
-0.87712097 2.53311086 356.63909912
1.46073914 2.58236194 357.56262207
1.87161255 2.67425752 358.02761841
5.24786377 3.10074210 340.09707642
4.72985840 3.04810786 341.54733276
4.68055725 2.95888209 342.44717407
3.59017944 2.82096553 344.46563721
2.88587952 2.74116778 346.08319092
2.29382324 2.78475499 347.64535522
1.49028015 2.58429885 349.28088379
0.42245483 2.12311673 357.03817749
0.72975159 2.09376884 357.53930664
6.71438599 2.68480754 336.73864746
5.20643616 2.44147134 340.10095215
3.91329956 1.66339993 342.32565308
3.85409546 1.63901114 343.27282715
2.40086365 1.39158225 345.61550903
2.27098083 1.40018296 346.64895630
1.10816956 1.23467422 349.57629395
-1.41276550 0.93136477 355.57162476
3.21020508 23.61160851 347.58801270
2.17835999 18.16486931 349.37246704
2.75985718 17.45820045 349.91061401
2.76554871 17.13444138 347.92117310
3.32060242 16.74915314 350.10308838
3.34294128 16.30601311 349.26535034
3.35894775 15.17150021 348.83609009
3.32479858 14.70381832 346.94024658
3.29904175 14.00600910 347.00582886
3.37345886 13.46115494 348.01583862
2.78752136 13.01630974 346.68688965
3.39106750 12.89504337 347.97604370
2.80107117 12.33635616 347.45465088
3.40847778 12.32869816 347.93518066
2.79908752 11.76022530 347.06369019
3.42596436 11.76234913 347.89440918
2.81657410 11.19264317 347.02175903
2.81466675 10.61477280 346.62973022
2.83227539 10.04659271 346.58776855
3.43496704 9.93513489 347.87857056
2.83029175 9.46698284 346.19461060
3.40887451 9.24122810 347.94338989
2.83714294 8.11237526 347.37994385
3.44381714 8.10861206 347.86273193
2.85473633 7.54543114 347.33901978
2.87232971 6.97842503 347.29815674
2.87019348 6.39707947 346.90591431
-2.76696777 5.05124283 356.26870728
-2.19320679 5.03431988 356.39236450
-1.57847595 5.13903236 356.41699219
0.71269226 4.98087215 357.68554688
2.90762329 5.84421825 347.21636963
3.40013123 5.48038006 348.36730957
-3.34823608 4.50194550 355.77383423
-1.51422119 4.61866379 357.03884888
-0.43418884 4.44869709 357.05892944
0.15766907 4.53796196 356.75717163
1.32101440 4.43011951 358.10589600
4.73031616 5.17955875 349.43045044
-3.35552979 3.93444991 355.40155029
-1.07632446 3.76157355 356.32958984
-0.43809509 3.85253406 356.94128418
1.27548218 3.74342990 357.83575439
1.88558960 3.75935054 358.62539673
-3.37870789 3.26154399 355.45971680
-1.03565979 3.22692466 356.62020874
-0.46339417 3.21014476 356.74786377
1.90275574 3.21058917 358.58770752
-3.29458618 2.84714818 355.65112305
-2.80863953 2.55486369 356.11614990
-2.20515442 2.58939242 356.42813110
-1.56718445 2.70992064 356.78411865
-0.42352295 2.67640424 357.03848267
0.16967773 2.67689776 357.49771118
0.74002075 2.66034865 357.62747192
1.30944824 2.60961556 358.06066895
-0.42840576 2.10837412 356.66815186
0.18710327 2.12704039 357.45791626
0.75740051 2.11051822 357.58767700
-1.57350159 1.48913980 356.80258179
0.14701843 1.47279620 357.04345703
5.63708496 40.52165604 347.10720825
5.68449402 39.82121277 347.17343140
5.62568665 38.82041550 347.77026367
5.12113953 38.85989761 346.51611328
5.67202759 38.12178040 347.83483887
4.92424011 37.21009827 346.98873901
5.54843140 34.45349121 348.90093994
4.78962708 34.48326874 347.41915894
5.59335327 33.75862503 348.96292114
4.83596802 33.78494263 347.48376465
6.13903809 33.04620361 350.26303101
4.88230896 33.08700180 347.54843140
5.53546143 32.21108246 349.51528931
5.12887573 31.95474815 348.48117065
4.62269592 31.96846581 347.23257446
4.87266541 31.39848137 348.20779419
4.11064148 31.41377831 346.72399902
5.57377625 30.39912415 350.27160645
5.11886597 30.27255249 349.13696289
4.35946655 30.28250313 347.66018677
6.39094543 30.37550735 348.40386963
4.76379395 29.42411041 348.61395264
5.93116760 29.68425751 348.78314209
5.42448425 29.12771988 349.06094360
6.43190002 29.12200356 349.20462036
3.99931335 28.30704117 348.61968994
6.17625427 28.56552315 349.71112061
5.00717163 27.74581337 349.49926758
5.67098999 28.00891304 349.20843506
5.23683167 27.00929260 349.74899292
4.91098022 27.44958496 348.47198486
4.40266418 26.89175797 348.74981689
4.84472656 26.35558128 348.61254883
4.88916016 25.66268921 348.67520142
4.07862854 25.78448868 347.08959961
5.18679810 24.97250366 348.96887207
4.07521057 25.22142792 347.04702759
4.07247925 24.65831947 347.00518799
4.37339783 23.97554588 348.08648682
3.30171204 24.08576965 346.26019287
3.80992126 22.97596741 347.43096924
4.06477356 22.43019485 348.40570068
3.55195618 22.40830231 347.15576172
3.85205078 21.71870232 347.45266724
3.26809692 21.64816475 346.15600586
4.15142822 21.03054428 347.74902344
4.14878845 20.46833801 347.70715332
3.07411194 20.55761337 345.87814331
3.63566589 19.89206123 347.19955444
3.12013245 19.86057281 345.94461060
2.50379944 19.54255104 345.21273804
4.60328674 18.96545029 349.49722290
4.14125061 18.80074310 348.36145020
3.25543213 18.84155464 346.73114014
4.89990234 18.30526161 350.56161499
4.14016724 18.25960922 349.09841919
5.14959717 17.75644875 350.74804688
3.01948547 17.90117264 347.13534546
4.04457092 17.41838455 349.58517456
3.02096558 17.35896301 347.87823486
3.53302002 16.83855629 349.08151245
3.01994324 16.25651932 348.57647705
3.01387024 15.13193607 348.49060059
4.23545837 15.24027157 347.20187378
3.01156616 14.56954670 348.44842529
4.27902222 14.54851437 347.26409912
3.00851440 14.00701141 348.40542603
4.27651978 13.98552227 347.22198486
3.00628662 13.44442081 348.36318970
4.27407837 13.42242813 347.17984009
2.74749756 12.86823940 348.08822632
4.52780151 12.87292385 347.37222290
3.50926208 12.31610680 347.96142578
4.01707458 12.31320000 347.64526367
4.52534485 12.31032658 347.33013916
3.50695801 11.75332069 347.91915894
4.01473999 11.75040913 347.60308838
3.24844360 11.17525673 347.64382935
4.01235962 11.18761921 347.56088257
4.52124023 11.18479061 347.24658203
2.98919678 10.59614563 347.36767578
4.01069641 10.62468243 347.51934814
4.56445313 10.49521637 347.30926514
2.98460388 9.46797657 347.28295898
4.00604248 9.49878311 347.43490601
3.02796936 8.77773952 347.34545898
4.04939270 8.80972290 347.49749756
3.07130432 8.08787251 347.40795898
4.09205627 8.12107563 347.55941772
2.56005859 7.52704430 347.68148804
3.06901550 7.52400398 347.36569214
4.08969116 7.55831718 347.51724243
3.06599426 6.96013641 347.32266235
4.08804321 6.99545956 347.47573853
3.06370544 6.39615154 347.28030396
3.82962036 6.41289234 347.19992065
2.55267334 5.83504486 347.55358887
3.31852722 5.85226631 347.47189331
4.08332825 5.86964798 347.39132690
3.92091370 5.12629414 348.88049316
2.63610840 4.97714806 346.94046021
5.69709778 5.13837910 348.17776489
2.44732666 4.47785187 342.98745728
6.54516602 5.54352760 345.59054565
1.74887085 4.02061939 340.10983276
4.82920837 5.75003624 340.56253052
5.34901428 5.74831390 340.25421143
9.06826782 5.56834412 339.92959595
9.28916931 5.67316437 339.27438354
10.00122070 5.86185360 337.41546631
10.56910706 5.73256493 337.22808838
3.83476257 3.81614423 345.14138794
2.89308167 3.33439708 342.06112671
2.41723633 3.06649566 340.11187744
1.89022827 2.97133279 338.82843018
9.57783508 5.04244900 340.38027954
10.03358459 5.20672417 338.28204346
10.56910706 5.16150188 337.19003296
4.07496643 4.13409328 346.48519897
3.83209229 3.25017333 345.09930420
3.36286926 3.03226638 343.95578003
2.98895264 2.56449866 343.03945923
2.88945007 2.76364064 342.01834106
2.46389771 2.36770034 340.18905640
1.93763733 2.26999307 338.90750122
8.61785889 4.27165604 341.94418335
9.46536255 4.29181099 340.32299805
10.10874939 4.42800140 339.25369263
10.61224365 4.46310616 337.26220703
11.60263062 4.63340759 337.35540771
4.11817932 3.44592595 346.54946899
4.53848267 3.64432120 345.24435425
10.10815430 3.85933471 339.21502686
4.58265686 3.00299525 346.09124756
5.09410095 3.00048709 345.78143311
5.60702515 2.94966006 344.69070435
6.03681946 3.10023046 342.59793091
6.98722839 3.29944062 340.98144531
3.22903442 1.95379138 347.40811157
4.11665344 2.36745858 347.24548340
4.67062378 2.24145341 347.03964233
4.58093262 2.43870497 346.04974365
5.69293213 2.18646669 345.64395142
1.79072571 1.12860155 341.60699463
6.54913330 2.57967639 343.03909302
7.06991577 2.52867079 341.94738770
8.51779175 2.75457406 338.33932495
4.25119019 1.53821874 349.06652832
3.73893738 1.43872619 347.83062744
3.22247314 1.33863759 346.58615112
2.79258728 0.93912244 344.77105713
6.63221741 1.81476235 343.99642944
7.06398010 2.01114392 342.69387817
8.02416992 2.15816474 340.29623413
9.53053284 2.25799823 336.79559326
7.14753723 35.18578720 349.51715088
5.79661560 34.62805557 349.55120850
4.20272827 33.77519989 349.48272705
5.00433350 33.78392410 348.87042236
5.23783875 33.65554047 348.32754517
5.70237732 33.66173935 347.73416138
6.27299500 33.53599548 347.17898560
4.18385315 33.21939468 349.45193481
3.82792664 32.65998077 349.43728638
4.63056946 32.67069626 348.82455444
5.22465515 32.68169403 347.65063477
5.35514832 32.68536758 347.07208252
4.53712463 31.95486259 348.84729004
5.28939819 31.85996056 348.27230835
5.31283569 31.99505424 347.65686035
5.70242310 31.95762444 347.08157349
5.14210510 31.30180168 348.82052612
5.27058411 31.30534172 348.24163818
5.73619080 31.31360817 347.64862061
5.12428284 30.74707222 348.78979492
6.80242920 30.51085472 348.22433472
6.56976318 30.68464470 347.60882568
4.09498596 30.17475319 348.80648804
5.75892639 29.64987755 348.69692993
6.18040466 28.97293091 348.68753052
5.80500793 28.27908134 349.28689575
6.60090637 28.29751587 348.67807007
6.24990845 27.73679543 348.66299438
6.67808533 26.64248085 348.00997925
4.97862244 26.30599594 348.54293823
5.08079529 25.55553627 347.99789429
6.10545349 25.51969337 347.40234375
4.61108398 24.91959763 348.00900269
5.75241089 24.95485878 347.38623047
5.06201172 24.37787247 347.38488770
4.57434082 23.80696487 347.94720459
5.04414368 23.82193947 347.35406494
4.55650330 23.25053596 347.91625977
5.02627563 23.26600838 347.32318115
4.53862000 22.69401169 347.88531494
5.00842285 22.71007919 347.29232788
4.18141174 22.12405586 347.86972046
4.65322876 22.14069939 347.27612305
4.16352844 21.56683159 347.83871460
4.63534546 21.58397102 347.24517822
4.14564514 21.00960541 347.80764771
4.95484924 21.04149246 347.19955444
3.65591431 20.43408394 348.37149048
4.12773132 20.45218086 347.77661133
3.97636414 19.89144135 348.32443237
4.44822693 19.91011047 347.73022461
5.46136475 19.15134430 350.02093506
4.50921631 19.09686279 348.35501099
4.53652954 19.22661209 347.73812866
4.93032837 19.19836044 347.16357422
5.44252014 18.59675407 349.98974609
4.49134827 18.54023933 348.32394409
5.09571838 18.56323051 347.15383911
4.39320374 17.86266518 350.62823486
4.75288391 18.00813103 349.99340820
4.88337708 18.01117897 349.41555786
4.47247314 17.98344231 348.29284668
4.74043274 17.98993874 347.13778687
4.45458984 17.42662048 348.26171875
4.72256470 17.43311119 347.10681152
4.17176819 16.86347389 349.38708496
4.30323792 16.86662292 348.80862427
3.89329529 16.83674812 347.68386841
4.70468140 16.87628555 347.07583618
3.60845947 16.27239418 348.81048584
3.74092102 16.27554131 348.23141479
3.87538147 16.27872467 347.65277100
4.68679810 16.31926346 347.04479980
2.68762207 15.76858425 348.78768921
3.72300720 15.71742344 348.20019531
3.85748291 15.72070408 347.62161255
4.33143616 15.74318027 347.02856445
2.89163208 15.11653996 348.78128052
3.70509338 15.15930653 348.16897583
3.83958435 15.16248608 347.59045410
4.65206909 15.20519161 346.98269653
2.87269592 14.55725098 348.74990845
3.68617249 14.60101604 348.13772583
3.82165527 14.60426617 347.55926514
4.63418579 14.64796543 346.95166016
3.19427490 14.01872826 348.70184326
3.66824341 14.04270172 348.10647583
3.80375671 14.04604816 347.52807617
3.93923950 14.04937553 346.95010376
3.65034485 13.48438740 348.07519531
3.78584290 13.48762989 347.49688721
3.92129517 13.49105453 346.91897583
3.39910889 12.77999115 348.09997559
3.87414551 12.80518913 347.50582886
4.57109070 12.77933884 346.92593384
3.96247864 12.12314510 347.51486206
4.77511597 12.17123222 346.90762329
4.75820923 11.61418438 346.87655640
3.00476074 11.07990932 348.02212524
3.92665100 11.00670624 347.45254517
4.40277100 11.03359604 346.86038208
3.09307861 10.39706326 348.03118896
3.90875244 10.44848824 347.42132568
4.38485718 10.47587490 346.82928467
3.07511902 9.83765221 347.99984741
3.89085388 9.89017010 347.39010620
4.70553589 9.94259262 346.78332520
3.05619812 9.27816296 347.96850586
3.87292480 9.33173275 347.35888672
4.01141357 9.33509541 346.78192139
3.03826904 8.71862125 347.93713379
3.51533508 8.74759293 347.34320068
4.33312988 8.80225182 346.73590088
3.02026367 8.15901947 347.90576172
3.49742126 8.18853569 347.31192017
3.97656250 8.21815205 346.71960449
2.66067505 7.57256699 347.89056396
3.13983154 7.60269928 347.29611206
2.98437500 7.03961849 347.84295654
3.46257019 7.07023335 347.24929810
3.07376099 6.35835075 347.85272217
3.55091858 6.38954353 347.25924683
4.03012085 6.42084312 346.66732788
3.50183105 5.70589066 347.84625244
3.98001099 5.73763847 347.25354004
5.55740356 6.03463650 346.55355835
3.25453186 5.88899517 343.76785278
8.57096863 6.01642036 339.73449707
9.70231628 6.08722878 338.02673340
10.01655579 6.09730911 336.90151978
7.59461975 6.13070869 335.15747070
1.05191040 4.83536053 358.36636353
1.32455444 4.93575573 357.74020386
1.96705627 4.89609051 357.14910889
1.53614807 5.10866642 356.51525879
2.10453796 5.01920605 355.94723511
2.22795105 5.02117348 355.36581421
2.61294556 5.00252056 354.78247070
3.15315247 5.08293533 354.15951538
3.27961731 5.08522224 353.58023071
3.74476624 5.11629963 352.98022461
-0.03607178 5.26280594 352.46994019
4.76696777 5.28149891 349.45947266
5.26637268 5.14363098 348.92669678
5.47900391 5.19647026 348.33316040
5.61650085 5.19974041 347.75936890
5.83314514 5.25272560 347.16717529
6.23127747 5.23528194 346.59814453
6.56115723 5.29804325 346.00296021
7.95481873 5.44459534 341.97140503
8.61761475 5.40687752 341.41937256
9.02583313 5.39023972 340.86145020
9.27975464 5.27413845 340.33898926
9.32905579 5.39943123 339.73159790
9.48263550 5.40414524 339.16748047
9.89288330 5.38788223 338.61355591
10.28129578 5.44769192 337.47219849
10.51608276 5.50263023 336.89440918
10.82901001 5.60756874 336.30126953
1.36766052 4.30534267 358.30734253
1.82469177 4.33618736 357.69866943
1.94512939 4.33778572 357.11657715
2.40420532 4.36877441 356.51031494
2.86431885 4.39989662 355.90539551
2.98773193 4.40183830 355.32537842
3.11320496 4.40385437 354.74572754
3.23864746 4.40598869 354.16635132
3.70178223 4.43750477 353.56567383
4.16690063 4.46913433 352.96643066
2.60945129 4.66959476 349.49380493
5.90222168 4.55009460 348.32608032
6.03970337 4.55335045 347.75308228
6.51399231 4.58595371 347.16506958
5.37147522 4.82308769 343.67578125
7.55905151 4.73667908 342.56210327
6.31481934 5.53056145 341.72033691
8.96380615 4.71282482 341.43939209
9.11437988 4.71727467 340.87402344
9.26501465 4.72183418 340.30914307
9.41760254 4.72646236 339.74478149
9.57124329 4.73119545 339.18090820
10.39138794 4.79458904 338.60354614
10.54702759 4.79953480 338.04183960
10.70365906 4.80456924 337.48052979
10.86132813 4.80969810 336.91995239
11.68356323 4.87339401 336.35031128
1.30473328 3.65732884 358.30902100
2.03054810 3.66066909 357.12271118
2.48966980 3.69218040 356.51657104
3.32508850 3.72971749 354.17367554
3.78825378 3.76176715 353.57318115
4.14701843 3.91288638 352.93453979
2.22264099 3.95622230 350.10031128
2.69784546 3.98926044 349.50280762
3.06771851 4.14273548 348.86618042
3.65028381 4.05551147 348.31265259
5.31536865 4.14081383 344.25979614
5.46089172 4.14483929 343.68731689
5.94519043 4.17891026 343.10382080
6.43054199 4.21310329 342.52185059
9.20301819 4.04500866 340.88714600
2.49221802 3.18139291 351.29003906
2.77990723 3.28429103 350.67086792
3.43658447 3.24807382 350.09475708
3.57206726 3.25097823 349.51739502
3.60121155 3.37382579 348.89929199
3.73869324 3.37699485 348.32254028
4.21495056 3.41079402 347.73004150
4.04985046 3.50722003 346.55282593
4.97424316 3.45184922 345.99072266
5.11676025 3.45556140 345.41720581
5.26029968 3.45938087 344.84414673
5.40480042 3.46329761 344.27151489
5.55035400 3.46730971 343.69934082
6.11285400 3.55220866 343.09783936
6.41567993 3.65694165 342.49139404
6.56427002 3.66135383 341.92153931
2.47325134 2.62192559 351.25823975
3.28421021 2.68686271 350.64077759
3.41867065 2.68969274 350.06311035
3.55314636 2.69264770 349.48587036
3.68965149 2.69568610 348.90899658
3.82713318 2.69883323 348.33255005
4.30339050 2.73319507 347.74023438
4.78166199 2.76766562 347.14941406
4.92219543 2.77115130 346.57531738
5.06370544 2.77474523 346.00164795
5.20622253 2.77843547 345.42843628
5.68653870 2.81332612 344.84225464
6.16889954 2.84833264 344.25762939
6.31544495 2.85234332 343.68685913
6.46197510 2.85647511 343.11654663
6.88619995 3.13612342 341.88088989
-0.56744385 2.04291272 357.68725586
1.89340210 1.81155682 354.78842163
1.80406189 2.05036235 354.12722778
2.52914429 2.08887792 352.36486816
2.99937439 2.12301278 351.76535034
3.39974976 2.13127732 350.03146362
3.87300110 2.16583705 349.43643188
4.34828186 2.20050573 348.84283447
4.62428284 2.20703125 347.69268799
4.76376343 2.21045589 347.11828613
5.24206543 2.24553418 346.52923584
5.72140503 2.28074336 345.94174194
5.86393738 2.28451514 345.36968994
6.00846863 2.28836942 344.79809570
6.15303040 2.29235435 344.22695923
6.29956055 2.29641151 343.65628052
6.59469604 2.30488801 342.51632690
7.46310425 2.49672055 341.31530762
7.61471558 2.50139737 340.74792480
7.76728821 2.50616980 340.18106079
7.91992188 2.51108050 339.61468506
8.07450867 2.51606941 339.04888916
8.12675476 2.64123273 338.43942261
8.28340149 2.64648890 337.87442017
8.88021851 2.56314492 337.34848022
9.47706604 2.47995782 336.82434082
9.86917114 2.63700223 336.21313477
0.35910034 1.41556430 357.63848877
0.48049927 1.41710281 357.05462646
0.60292053 1.41874337 356.47103882
0.72634888 1.42048621 355.88778687
1.19049072 1.45448256 355.28125000
1.65669250 1.48858905 354.67608643
1.78311157 1.49071193 354.09494019
1.91156006 1.49291062 353.51412964
2.04100037 1.49522042 352.93368530
2.51019287 1.52976751 352.33285522
2.98042297 1.56445861 351.73345947
3.11289978 1.56713367 351.15521240
3.24635315 1.56990886 350.57733154
3.38081360 1.57280254 349.99984741
3.85510254 1.60789299 349.40490723
4.43576050 1.52442956 348.85284424
4.57324219 1.52760673 348.27786255
4.60638428 1.64973569 347.66146851
4.74688721 1.65317178 347.08712769
5.40771484 1.62028813 346.52120972
5.70454407 1.72460151 345.91079712
5.95245361 1.60946155 345.38125610
5.99160767 1.73231912 344.76736450
6.13719177 1.73633552 344.19628906
6.61953735 1.77251506 343.61358643
7.10391235 1.80881143 343.03240967
7.40205383 1.81763577 341.89581299
7.55267334 1.82220531 341.32821655
7.70428467 1.82688022 340.76113892
7.85684204 1.83167100 340.19458008
8.01045227 1.83655477 339.62850952
8.16505432 1.84155345 339.06292725
8.97077942 1.88926387 337.36340332
9.46528625 1.92678523 336.79504395
9.95880127 1.96435165 336.22839355
8.19828796 41.52428436 348.13381958
7.87461853 41.52198792 347.64297485
8.17767334 40.97689438 348.12332153
7.85334778 40.97449493 347.63317871
7.53067017 40.97217941 347.14187622
8.15634155 40.42930603 348.11349487
7.29025269 40.42129517 347.37683105
5.88497925 40.40761566 346.38766479
6.06549072 39.31327438 346.12176514
6.56837463 38.76225281 348.08233643
4.98730469 38.84754562 347.23098755
5.13671875 38.19409180 347.08264160
5.33895874 37.64874649 346.82553101
5.09541321 37.09170914 347.06161499
5.07473755 36.54031372 347.05105591
5.12158203 35.90308380 347.00799561
4.90873718 35.42430115 348.01998901
4.81039429 35.42949295 347.27645874
5.53387451 34.87709427 349.00091553
5.21078491 34.87435913 348.50500488
4.88792419 34.87171555 348.00930786
4.78962708 34.87730408 347.26583862
5.83630371 34.32723618 349.48632813
5.73472595 34.33329773 348.74240112
5.63414001 34.33932495 347.99951172
5.79747009 34.15777206 347.06164551
4.69995117 33.19616699 348.97204590
5.37155151 33.10526276 347.43496704
4.85058594 32.54411316 348.82214355
5.29090881 32.48428345 347.52310181
5.08634949 31.84372139 348.60339355
5.87545776 31.89610481 346.87213135
5.51000977 31.31359673 348.09677124
5.85527039 31.34541512 346.86065674
6.35353088 30.77935600 348.82943726
6.28793335 30.62897301 347.28182983
6.00981140 30.22440720 348.32446289
6.31011963 29.67550087 348.80911255
5.98884583 29.67242241 348.31359863
5.66783142 29.66943741 347.81829834
5.84594727 29.09621048 349.29553223
5.64686584 29.11725426 347.80746460
5.32752991 29.11424637 347.31109619
5.94612122 28.56806564 348.29257202
5.30657959 28.56206512 347.30026245
6.22872925 27.75321198 348.92886353
6.02665710 27.89026451 348.23382568
5.28564453 28.00968361 347.28942871
5.98661804 27.18551826 349.16641235
6.10720825 27.21275902 348.17514038
5.78804016 27.20954704 347.67883301
5.86473083 26.64487839 348.41232300
5.76634216 26.65746880 347.66873169
5.66979980 26.67011452 346.92550659
5.52349854 26.08900070 347.90554810
5.64884949 26.11843300 346.91473389
5.40560913 25.54988098 347.15115356
5.38461304 24.99749947 347.14028931
4.91838074 24.40927887 347.62469482
4.67437744 23.83743095 347.86178589
5.02619934 23.88939285 346.62081909
4.42971802 23.26428223 348.09963989
4.78254700 23.31795120 346.85684204
4.51708984 22.19153976 347.08264160
4.66828918 21.54714203 346.93466187
4.32337952 20.48979950 348.04547119
4.00646973 20.48659325 347.54583740
4.60935974 19.75939751 348.63674927
4.46762085 19.81939125 347.08142090
5.54226685 19.12561417 350.17221069
5.44372559 19.14467812 349.42422485
4.58285522 19.11491203 348.67730713
4.48907471 19.13419151 347.92840576
4.61895752 19.17629242 346.93356323
5.19950867 18.56659126 349.66394043
4.24382019 18.55604172 348.16708374
4.59786987 18.62241554 346.92263794
4.82992554 17.94339371 350.90585327
5.17678833 18.01102829 349.65417480
5.08111572 18.03125572 348.90481567
4.22262573 18.00056267 348.15609741
4.57678223 18.06843948 346.91165161
4.38917542 17.40328026 349.64587402
4.20074463 17.44499397 348.14575195
4.55566406 17.51446152 346.90069580
4.27276611 16.86793900 348.88449097
4.17955017 16.88932037 348.13470459
4.53523254 16.96028328 346.88900757
3.93351746 16.30817413 348.37408447
4.06689453 16.35558701 347.37420654
3.91227722 15.75180340 348.36300659
4.26962280 15.82616901 347.11471558
4.11512756 15.22190571 348.10217285
4.35272217 15.15049553 347.05709839
4.65962219 14.50218487 346.75088501
4.07257080 14.10986042 348.07992554
4.04641724 13.46426010 348.12084961
4.39424133 13.36596489 346.97677612
4.01618958 12.72892284 348.21316528
4.37306213 12.81118965 346.96575928
3.33335876 12.35424137 348.79840088
4.35186768 12.25641537 346.95474243
4.26393127 12.28227329 346.20590210
3.97291565 11.61608315 348.19165039
4.10690308 11.67197418 347.19235229
4.08567810 11.11650181 347.18127441
4.22232056 11.17351818 346.18319702
4.22906494 10.51695061 347.02246094
4.30673218 10.50021839 346.12545776
3.59559631 9.94302177 347.65640259
4.39047241 9.82733250 346.06851196
3.43753052 9.32607937 348.64886475
3.57432556 9.38637161 347.64526367
3.92234802 8.79375839 347.27102661
4.34890747 8.71889496 346.04583740
3.63610840 8.15462399 347.57794189
4.32846069 8.16458607 346.03411865
3.61552429 7.59793758 347.56610107
4.30729675 7.61021137 346.02310181
3.53547668 6.96526814 347.65628052
4.28681946 7.05576134 346.01135254
3.67974854 6.36670780 347.49694824
4.26635742 6.50126266 345.99963379
6.13871765 5.79616642 347.40185547
6.60845947 5.69606686 345.32861328
5.43061829 5.82076168 345.65744019
8.59848022 5.83864498 341.58432007
9.26191711 5.85806847 340.09344482
9.70774841 5.84327221 338.84899902
10.39755154 5.82487106 337.36483765
10.59667969 5.81439018 336.37991333
7.34066772 5.84550762 337.27465820
7.85079956 5.94389534 335.92565918
6.76899719 5.90422249 334.67022705
1.47714233 5.36446571 358.08410645
2.54026794 5.28912640 356.14227295
2.74877930 5.45901680 354.97814941
3.62568665 5.46375751 353.20608521
6.08050537 5.14429665 349.13528442
5.33439636 5.33814430 348.97918701
7.20332336 5.15236378 346.31332397
6.68768311 5.38014030 345.90533447
8.06352234 5.27029896 342.91958618
9.21197510 5.13446426 341.00927734
10.05039978 5.22923946 339.30282593
10.24720764 5.21979618 338.31274414
10.79435730 5.18087387 336.98721313
8.42539978 5.06201553 336.28576660
8.36557007 5.35787773 335.40560913
6.63531494 5.21338844 334.84982300
6.34822083 5.21179581 334.35302734
1.73410034 4.68306160 358.69702148
2.16250610 4.70919037 357.36877441
3.26623535 4.66299820 355.37265015
3.58010864 4.71623898 354.16445923
3.81604004 4.66708183 353.09927368
8.21157837 4.64581680 342.77679443
9.75947571 4.59746456 340.41427612
10.00807190 4.57603550 339.37423706
10.50813293 4.63943481 338.03796387
8.62226868 4.55701828 336.04003906
6.54939270 4.70578766 334.10733032
2.11732483 4.07114315 358.27752686
2.74002075 4.05825043 356.76757813
3.76269531 4.00365639 354.86575317
3.88957214 4.07289314 353.84805298
1.92558289 3.94604182 352.60311890
2.65382385 4.16011429 350.06179810
8.72572327 4.05707073 342.24057007
9.17251587 4.04749489 340.98571777
9.93275452 3.96044278 339.45916748
10.27645874 4.06470108 338.26055908
8.60482788 4.01717091 336.02700806
6.60078430 4.13044834 334.82415771
6.53291321 4.16484642 334.09384155
1.90498352 3.30846667 358.57531738
2.48796082 3.45439315 357.01934814
3.64106750 3.47331882 354.09490967
3.77017212 3.54379725 353.07803345
2.58918762 3.58525920 351.77008057
3.12322998 3.52455020 350.41613770
3.57310486 3.59347987 349.08499146
4.62275696 3.53007913 347.21572876
5.12564087 3.57270646 345.85842896
9.36830139 3.54025054 340.73468018
10.52426147 3.66431594 336.32928467
8.80171204 3.51355338 335.78128052
8.51382446 3.51161742 335.28646851
6.80155945 3.62526584 334.57803345
2.19982910 2.82235408 353.08752441
2.56224060 2.93249059 351.81307983
3.81550598 2.92279696 349.69046021
3.95121765 2.99469256 348.68432617
4.74636841 2.91004157 347.09091187
5.43218994 2.94144225 345.55459595
6.01081848 3.08767247 344.07324219
7.11402893 2.92645764 342.23089600
8.45898438 2.98913550 339.23889160
8.37994385 3.02353454 338.50738525
9.14872742 2.94154525 336.99066162
9.50126648 3.04940009 335.79663086
7.99316406 2.93365788 335.01177979
0.52560425 2.23485279 357.35253906
1.23051453 2.26839185 355.74493408
2.27015686 2.22381186 353.84020996
2.63140869 2.33547235 352.56317139
3.26724243 2.29173064 351.09317017
4.19308472 2.32504058 349.28921509
4.64750671 2.35891223 347.97830200
5.53079224 2.31554723 346.27630615
5.95753479 2.34945750 345.00692749
6.88934326 2.38273644 343.23007202
7.41546631 2.30267644 341.93463135
7.55157471 2.37513375 340.95712280
8.53616333 2.20135450 339.26205444
8.99380493 2.32919478 337.94113159
9.13114929 2.40145302 336.97750854
9.48376465 2.51083517 335.78353882
7.97586060 2.39379621 334.99884033
1.07403564 1.62640190 356.76446533
2.24684143 1.65930676 353.82992554
3.18635559 1.65351558 351.18536377
4.43309021 1.65189290 349.07174683
5.01342773 1.80307913 347.56954956
5.80151367 1.72413421 345.98739624
6.19459534 1.68364811 344.79495239
6.50137329 1.68131971 343.67443848
7.71615601 1.68029094 341.63903809
7.85206604 1.75375390 340.66271973
9.05340576 1.75261760 338.65905762
8.97546387 1.78802896 337.92858887
9.60295105 1.77413440 336.52206421
8.17503357 1.89168000 334.75259399
7.83769989 41.56340027 347.83700562
7.85180998 41.00709915 348.17700195
7.20313978 41.00139999 347.06900024
7.84349012 40.45399857 348.18499756
7.23842001 40.44129944 347.73999023
6.63472986 40.42860031 347.29400635
5.47198009 40.39500046 347.06500244
7.83513021 39.90069962 348.19299316
7.25196981 39.88370132 348.08099365
5.46374989 39.84260178 347.07199097
6.66076994 39.31330109 347.97500610
4.85508013 39.27840042 346.63000488
6.67391014 38.75400162 348.31600952
4.90558004 38.59230042 346.86199951
4.85809994 38.16759872 346.97500610
4.88911009 37.48690033 346.87500000
4.90045977 36.81380081 346.44100952
5.49507999 36.49440002 348.44900513
4.87249994 36.49290085 347.66198730
5.48664999 35.93909836 348.45599365
4.89054012 35.85380173 347.59799194
6.10088015 35.27370071 348.47100830
5.47817993 35.38380051 348.46301270
4.89540005 35.14789963 346.79299927
5.52877998 34.58359909 347.91799927
4.90689993 34.58539963 347.13198853
4.87848997 34.04180145 346.80599976
5.44153976 32.95270157 346.93798828
5.45690012 31.26709938 347.62500000
4.91651011 31.12409973 347.39801025
4.35988998 29.87220001 347.18200684
6.63705015 29.60980034 348.55300903
6.05454016 29.59210014 348.43499756
5.55376005 29.32439995 348.09799194
4.95185995 29.32099915 347.64401245
6.12688017 28.78669930 348.22500610
5.54511976 28.76880074 348.10501099
4.94327021 28.76589966 347.65100098
6.11815977 28.23100090 348.23199463
5.53645992 28.21310043 348.11199951
4.93463993 28.21069908 347.65798950
4.33424997 28.20840073 347.20199585
6.13108015 27.65940094 348.57501221
5.52776003 27.65730095 348.11999512
4.92599010 27.65539932 347.66400146
4.89696980 27.11630058 347.33700562
6.04874992 26.59709930 347.58499146
5.53002977 26.39399910 347.30300903
4.88862991 26.47179985 346.56900024
5.52070999 25.79520035 346.92300415
4.90063000 25.81229973 346.13598633
4.93288994 25.22299957 346.80801392
4.92417002 24.66860008 346.81399536
4.91542006 24.11420059 346.82101440
4.31676006 24.11540031 346.36499023
4.92729998 23.54010010 347.16198730
4.30804014 23.56139946 346.37100220
4.93910980 22.96479988 347.50201416
4.93029022 22.40909958 347.50900269
4.31054020 22.43239975 346.71701050
4.94216013 21.83209991 347.85000610
4.28180981 21.89870071 346.39099121
4.93632984 20.13979912 348.20599365
4.33823013 20.04389954 346.70999146
5.58408022 19.55640030 349.90798950
4.94791985 19.60910034 349.07101440
4.35091019 19.41609955 346.53399658
5.60700989 18.92410088 350.02999878
4.96029997 18.97750092 348.89300537
4.34207010 18.86129951 346.54000854
5.01542997 18.27389908 349.12701416
4.33319998 18.30640030 346.54598999
5.00699997 17.64469910 348.35198975
4.34468985 17.72649956 346.88699341
4.36191988 17.08539963 346.67300415
4.37173986 16.42860031 346.01699829
4.35867023 16.00650024 347.57400513
4.38375998 15.31159973 346.91699219
4.36556005 14.73779964 346.36898804
4.35660982 14.18270016 346.37500000
4.36827993 13.59889984 346.71499634
4.37987995 13.01389980 347.05499268
3.74234009 13.08339977 345.92599487
4.35026979 12.48729992 346.72799683
4.38253021 11.87090015 347.40200806
4.35278988 11.34469986 347.07400513
4.34981012 10.73840046 346.52700806
4.40160990 10.02970028 346.53698730
3.78502989 10.07530022 345.74099731
4.39258003 9.47397041 346.54299927
3.77606010 9.52056026 345.74700928
4.40444994 8.88514042 346.88299561
3.76707006 8.96576023 345.75299072
4.39538002 8.32870007 346.89001465
3.75806999 8.41088009 345.75900269
4.42299986 7.68369007 346.93499756
3.79339004 7.74036980 345.65701294
4.39069986 6.59383011 346.72500610
3.77407002 6.64575005 345.92700195
10.99890041 5.92786980 336.79998779
10.36209965 6.08470011 336.55099487
9.83020973 5.97206020 336.17300415
9.27066994 5.95313978 336.04998779
8.66983986 6.04505014 336.02600098
8.12874031 5.95002985 335.48901367
7.54757023 5.96579981 335.05099487
6.94857979 6.05846024 335.02200317
6.41803980 5.93805981 334.34799194
3.77400994 5.98824978 344.13800049
3.11896992 6.15543985 343.45199585
11.54160023 5.38144016 336.44500732
9.30270004 5.30482006 335.95700073
8.69517040 5.35554981 335.20999146
6.46656990 5.28175020 334.70300293
11.55879974 4.80848980 336.76400757
9.29329967 4.76706982 335.96398926
8.68583965 4.81876993 335.21600342
6.43531990 4.78042984 334.39700317
11.52219963 4.30578995 336.45999146
9.28386974 4.22924995 335.97000122
8.67648029 4.28192997 335.22198486
6.46865988 4.13433981 334.30300903
10.93789959 3.82206988 336.75698853
10.46389961 3.56923008 336.35299683
9.83349037 3.71028996 336.10101318
9.24964046 3.72755003 335.66500854
8.66709995 3.74501991 335.22799683
7.55255985 3.70800996 334.97500610
6.99576998 3.68970990 334.84698486
9.90744019 2.95373011 335.90798950
9.28190041 3.08082008 335.57199097
8.23256016 2.89707994 335.53201294
9.87244987 2.45327997 335.60400391
8.19929981 2.39680004 335.22698975
9.88844013 1.87835002 335.92199707
