5.38332081 27.41361046 347.20452881
5.39754581 26.85304260 347.21401978
4.71011686 26.72669029 348.90304565
5.36234283 26.16642189 347.11596680
4.46167374 26.17488098 348.69061279
6.08026791 25.50176811 346.89392090
5.32861853 25.48023224 347.01925659
4.47533989 25.61290169 348.69934082
6.09513664 24.94081879 346.90411377
5.34281301 24.91976929 347.02874756
4.48961735 25.05093193 348.70874023
6.10933399 24.37974739 346.91363525
5.35706902 24.35920143 347.03823853
4.91412067 24.45200920 347.48641968
4.50316286 24.48874855 348.71749878
5.86051273 23.83110428 346.70449829
5.37114239 23.79853058 347.04779053
4.87986088 23.76611519 347.38885498
4.45161390 23.61784363 349.29351807
5.82617331 23.14601517 346.60687256
4.89408731 23.20524216 347.39834595
4.46525478 23.05486298 349.30224609
4.90822220 22.64438057 347.40792847
4.47962761 22.49189949 349.31161499
4.66027737 22.09756470 347.19784546
5.59332991 21.29245377 347.08963013
4.62623930 21.41327667 347.09994507
5.34464931 20.74652290 346.88024902
4.59296322 20.72920609 347.00265503
5.35873842 20.18574715 346.88983154
4.60642385 20.16891670 347.01153564
5.37287331 19.62487984 346.89944458
4.35889387 19.62491989 346.80236816
4.05298519 19.64270020 349.69421387
5.38693285 19.06381035 346.90908813
4.37285709 19.06493759 346.81201172
5.66383505 18.48530006 347.13769531
4.60020208 18.36497688 346.93176270
4.82767344 17.66413116 347.05130005
5.95483875 17.34320641 347.37600708
4.58068562 17.12193489 346.84301758
5.60987520 16.55615234 346.95010376
4.59475708 16.56156731 346.85272217
3.93515587 16.79139709 347.18576050
5.36157370 16.01422882 346.74169922
4.60800505 16.00097847 346.86160278
5.37560320 15.45315742 346.75140381
4.36097956 15.46048546 346.65338135
4.37500429 14.90031528 346.66305542
4.38825130 14.34002876 346.67199707
2.96450186 14.09081841 349.22543335
4.61606503 13.63757610 346.79129028
4.32135868 12.97918701 346.47488403
2.72994852 12.98833275 349.02124023
2.74274516 12.42623425 349.02932739
4.61011028 11.83535385 346.71124268
3.85643053 11.82590675 346.82843018
3.40996408 11.91275311 347.27029419
2.70983958 11.74388981 348.92874146
3.86967754 11.26561165 346.83740234
3.37700391 11.23269939 347.17120361
3.88370347 10.70524406 346.84710693
3.39040327 10.67241192 347.18011475
4.15804243 10.11967182 347.07415771
3.40366673 10.11191654 347.18917847
2.70266223 9.93794727 348.84432983
4.17211723 9.55869484 347.08395386
3.41700578 9.55143070 347.19812012
2.97655559 9.35005188 349.07339478
4.06704855 8.92734814 346.94769287
3.43022346 8.99083900 347.20712280
2.44163513 8.92543793 347.86950684
2.99002695 8.78736687 349.08221436
3.84454083 8.22683907 346.66665649
4.13242912 7.07822514 346.90261841
3.42347860 7.19084787 347.12503052
2.38914561 7.00758934 347.67727661
4.14632082 6.51721907 346.91235352
3.39079952 6.51265669 347.02548218
4.15954065 5.95613623 346.92147827
3.40409327 5.95210552 347.03457642
3.86498523 5.30773783 346.60321045
3.03991556 5.35296440 346.68084717
7.56111097 3.75638628 335.88580322
6.61431599 2.13503981 335.85678101
6.53918123 1.36346805 335.66339111
5.93616247 29.22820473 349.90164185
5.96777010 28.56203842 349.25891113
5.16741276 27.96647072 347.50592041
5.07785749 27.82726669 349.85778809
5.24197483 27.31221199 347.46496582
5.35964680 26.57012558 347.38623047
5.95037222 26.72457123 349.20526123
5.98107195 26.15589905 349.20184326
5.16776037 26.12475586 349.84756470
5.53019953 25.47106552 346.78475952
5.07396460 25.43846130 347.40731812
5.90124702 25.45644569 349.15454102
5.08797598 25.42650414 349.80032349
5.66916037 24.93894386 346.18634033
5.56187010 24.90382957 346.78152466
4.75657892 24.87473106 347.43164063
5.12141609 24.76357079 349.15939331
5.70084572 24.37170982 346.18319702
5.59351015 24.33648872 346.77835083
4.78719282 24.30834961 347.42840576
4.56742048 24.23840714 348.61483765
5.73248625 23.80426598 346.18011475
5.62512064 23.76915741 346.77523804
4.94608831 23.66774559 348.58523560
5.65682316 23.20161819 346.77212524
4.27960253 23.11006737 348.63488770
5.22880697 22.51027489 346.75399780
4.77144575 22.48025322 347.37567139
4.66104221 22.44505119 347.96875000
4.35315514 22.45627403 348.59368896
5.15091753 21.81479263 346.70755005
4.47062445 21.71489906 348.51443481
4.35727453 21.67970085 349.10659790
4.83548594 21.25432014 346.73284912
4.61365604 21.18378258 347.91879272
4.50125313 21.14852905 348.51113892
4.38787317 21.11332512 349.10327148
4.86696959 20.68797684 346.72979736
4.53189802 20.58204651 348.50796509
4.41848707 20.54685211 349.09997559
4.30307770 20.51157761 349.69168091
4.89758444 20.12140274 346.72680664
4.09194756 20.10092163 347.37536621
4.56248236 20.01546478 348.50479126
4.10088062 19.98774147 349.12286377
4.70262766 19.45638275 346.70028687
4.01387739 19.40822983 347.32867432
4.48342562 19.32146454 348.45721436
4.13152361 19.42166519 349.11965942
4.04721642 18.75145149 346.69061279
3.93678141 18.71598434 347.28189087
4.40442801 18.62774849 348.40957642
3.94279099 18.60113525 349.02737427
3.96737528 18.15070343 347.27880859
4.80473995 17.60144424 346.62719727
3.99888468 17.58537674 347.27572632
4.57528543 17.62162018 348.44775391
4.11257553 17.59596062 349.06555176
4.83636093 17.03500366 346.62417603
4.02947903 17.01988220 347.27276611
4.14989853 16.93864441 348.42700195
3.34090447 16.92405319 349.07040405
4.51974964 16.47908211 346.65008545
4.18052673 16.37257385 348.42395020
3.71781087 16.34812737 349.04095459
4.55030155 15.91290092 346.64718628
4.21110868 15.80639553 348.42080688
3.74733829 15.78240585 349.03781128
4.23562145 15.35846043 346.67288208
4.24170732 15.24011993 348.41772461
3.43156934 15.22858047 349.06103516
4.15740538 14.66767406 346.62582397
3.82090139 14.47150993 347.76226807
3.81514311 14.56110001 348.39694214
3.35235858 14.53817558 349.01300049
4.08026934 13.97733879 346.57870483
3.85239577 13.90607071 347.75918579
3.73700166 13.87043953 348.34896851
2.92875957 13.86129570 348.99145508
3.76440334 13.42534828 346.60473633
3.88297582 13.34049225 347.75622559
3.42119408 13.31858826 348.37301636
2.61384678 13.31050301 349.01473999
4.14235973 12.84620571 346.57296753
3.91355610 12.77481174 347.75317383
3.45171094 12.75340652 348.36996460
2.64339733 12.74637890 349.01168823
4.17390156 12.28046322 346.57012939
3.94415140 12.20912743 347.75030518
3.48224306 12.18822193 348.36697388
2.25816441 12.11472511 349.00503540
3.97748661 11.66060162 346.55950928
3.85930729 11.60761642 348.33666992
2.59554052 11.49453831 348.96035767
3.88891172 11.04178810 348.33383179
2.51721573 10.80717754 348.91198730
4.61326361 10.56655121 346.53280640
2.20318842 10.25971603 348.93563843
3.92156553 9.86422253 346.51864624
3.38101149 9.89178562 347.16085815
3.14811373 9.82060242 348.33703613
3.76468229 9.22283459 346.49569702
3.30370879 9.20445728 347.11309814
2.72520089 9.15054893 348.31607056
3.79526091 8.65754318 346.49291992
3.33428526 8.63969898 347.11035156
2.41209888 8.60445595 348.34033203
4.17340660 8.07374573 346.46090698
3.36477017 8.07491398 347.10754395
3.13086486 8.00363255 348.28286743
3.85741067 7.52684212 346.48745728
3.39534688 7.51004410 347.10476685
3.16037321 7.43875074 348.27993774
3.70047474 6.88701630 346.46438599
3.31796288 6.82379436 347.05657959
2.88823748 6.80594397 348.26470947
4.96045303 6.33556557 346.39404297
2.31525779 6.10698795 348.23760986
3.70746160 5.64107513 346.41250610
3.16213584 5.45270300 346.95968628
3.03413534 5.50173473 348.17947388
5.62455797 4.35601473 335.07650757
3.91382933 4.00319529 335.67337036
4.40344429 4.34506798 336.37750244
4.19720888 4.18893814 336.92550659
3.98056746 4.22169399 337.55529785
3.65490079 4.13622999 338.14178467
3.77473688 4.21009111 338.76135254
3.40733147 4.14804602 339.35974121
3.11025405 4.16488934 339.98614502
2.66523170 4.14962721 340.60873413
-8.28555393 -7.54247379 338.97375488
-8.99554443 -7.53036213 339.62207031
-9.11319256 -7.57204819 340.18478394
-8.94173336 -7.41305113 340.86819458
-9.20542908 -7.55536175 341.37023926
-9.62285519 -7.56958151 341.97247314
-10.04034424 -7.58350849 342.57342529
-10.16306210 -7.62466764 343.13397217
2.75192142 3.99965072 349.46203613
2.06966019 3.74614453 349.98037720
1.94505763 3.71096396 350.56445313
-0.73132753 3.63188362 351.82922363
-1.48756719 3.42832327 352.36105347
-1.21536493 3.57846165 353.00170898
-1.53801787 3.59887886 353.60986328
-1.66774058 3.56434226 354.18734741
-2.27017140 3.48577642 354.76071167
-2.51098990 3.36573195 355.88806152
-2.64579868 3.33172202 356.46286011
-3.31350994 3.37635708 357.08425903
-7.40371895 -7.31161308 330.06155396
-7.79871941 -7.32893944 330.67712402
-8.50539112 -7.47657967 332.98602295
-8.76345825 -7.39361048 333.65371704
-9.16359615 -7.40971661 334.26379395
3.97529554 3.32848883 342.78900146
4.55190706 3.32938194 343.94699097
4.20174980 3.43569922 344.61273193
4.34716511 3.55197287 345.25119019
4.03292990 3.51178503 345.85003662
3.50976944 3.34996414 346.40710449
2.93952107 3.21711588 346.97744751
2.36920786 3.08476305 347.54586792
2.70153904 3.14576006 348.14932251
2.50141001 3.15776277 348.75921631
2.11362982 3.09780693 349.34634399
1.88313437 2.94272017 349.88366699
1.84895039 3.11215591 351.14495850
1.93640375 3.31785226 351.82238770
-13.09251308 -8.02106571 347.45031738
-13.66071033 -8.08732319 348.00842285
-14.35124969 -8.22294044 349.66870117
1.22037256 2.46529102 351.72564697
6.82416201 2.18532133 336.22210693
6.17002439 2.01524186 337.40426636
5.51185369 1.84567893 338.58270264
5.40751600 1.80823314 339.17391968
5.30317736 1.77092993 339.76486206
4.40110826 1.74486494 341.01571655
4.18331480 1.67116797 342.19363403
4.07297516 1.63447356 342.78219604
0.64663857 1.12742317 352.83389282
0.11946680 1.58622479 354.22918701
-0.14693987 1.51837432 355.38711548
-0.41743931 1.45097601 356.54348755
-0.97638047 0.93873394 356.92593384
5.48979664 27.74956322 347.46325684
5.12487793 27.70818520 348.76293945
4.60988283 26.89629173 348.32809448
4.41080904 26.32422829 348.56893921
5.48634768 26.06859398 346.62191772
4.44426441 25.75657654 348.54586792
5.30646038 25.22926331 346.69186401
4.87331200 24.65400887 347.20074463
4.73764467 24.01701355 347.33312988
4.26942635 23.85287285 348.67742920
5.06888294 23.54347992 346.11706543
5.17475224 23.51623917 346.88790894
4.13398981 23.21853638 348.80880737
5.10325241 22.97269058 346.09329224
4.90434170 22.85680389 347.16119385
4.16745853 22.65139198 348.78570557
4.75470209 22.31315994 346.45684814
4.71042013 22.19857597 347.34695435
4.25837517 21.56728935 346.93920898
3.89963388 21.54289436 348.23660278
4.29273748 20.99840355 346.91555786
3.75596595 20.87089539 348.35543823
4.55936527 20.42783546 346.62579346
4.59377575 19.85814476 346.60205078
4.05661488 19.16288185 347.15652466
3.52069139 18.47032738 347.70962524
4.12539530 18.02581596 347.10925293
4.05119848 17.32663727 347.13284302
3.85399413 16.76311111 347.37478638
3.88766599 16.19496536 347.35192871
3.92211580 15.62677765 347.32830811
3.85230470 15.07818890 346.53622437
3.95578861 15.05844116 347.30551147
3.58972979 14.34257507 346.75085449
3.46250415 14.33069992 347.78387451
3.84479403 14.18325520 349.93896484
3.47590160 13.69115925 346.84600830
3.34847260 13.68038559 347.87887573
2.98949075 13.67768288 349.17221069
3.87824178 13.61741447 349.91607666
3.97443771 13.59919357 350.68246460
3.50972605 13.12301922 346.82315063
3.38210845 13.11343670 347.85617065
3.02296734 13.11224079 349.14941406
3.91100359 13.05150986 349.89385986
3.79386663 12.77846622 350.74771118
3.54417562 12.55493641 346.79965210
3.41582179 12.54629326 347.83325195
3.51691270 12.52894592 348.60037231
3.73063231 12.23047733 349.95919800
3.57867122 11.98675346 346.77612305
3.44947481 11.97904778 347.81054688
3.21407795 11.84466076 348.88482666
3.76407933 11.66482735 349.93630981
3.61249733 11.41831207 346.75332642
3.60646152 11.27471733 347.56799316
3.28794241 11.23290730 348.78985596
3.91215229 10.27044964 346.44073486
3.60747313 9.58641815 346.72900391
2.91218996 9.48037338 348.33505249
3.30418968 8.90394592 347.01589966
2.94579172 8.91431618 348.31237793
3.33863711 8.33625221 346.99249268
2.67966914 8.27748203 348.58187866
3.37246084 7.76842594 346.96975708
3.40634513 7.20052862 346.94699097
3.04620290 7.21567726 348.24490356
3.27181935 6.57737494 347.07882690
2.81489348 6.50836039 348.43218994
3.25935435 5.81506443 346.98959351
2.75223255 5.75608444 348.40393066
-3.23324442 3.43057466 357.25314331
-0.45526469 2.78566599 358.43173218
4.26355457 13.41664791 351.17929077
3.67470312 12.98010159 349.56433105
3.07358027 12.50033474 348.09030151
3.68460560 12.35687828 349.75222778
3.10240889 12.00931931 347.63143921
3.69450378 11.73455811 349.94018555
3.10198212 11.32516098 348.04928589
3.68738294 11.20719337 348.98272705
3.70846939 10.64219856 348.94439697
3.14602685 10.29626083 347.16506958
3.12445283 9.56680202 347.50338745
3.14462018 8.93232918 348.00204468
3.16589570 8.36600971 347.96362305
3.18717146 7.79962921 347.92529297
3.20844746 7.23318291 347.88684082
3.18706942 6.54068041 347.95489502
-2.40527344 5.18735600 357.28866577
-1.78314042 5.20695066 358.06835938
3.16527891 5.84838581 348.02291870
-2.95716238 4.65030766 357.12893677
-2.38396716 4.63770247 357.25024414
-1.19041228 4.64590073 358.15328979
0.52190185 4.60902023 358.52935791
1.15426934 4.73467588 358.88729858
1.70413840 4.61807442 359.44161987
-0.04502796 3.96918869 358.79162598
2.22413874 3.88591552 359.44750977
-2.90712094 2.89885020 357.44161987
-1.71693552 2.34318948 357.97717285
-1.18630457 2.21082449 358.20031738
-0.00506283 2.30605793 358.35327148
0.56482506 2.29382324 358.48065186
1.13582730 2.23231292 359.06091309
1.74617338 2.30712199 359.39419556
-1.16520190 1.66229820 358.16192627
7.67956972 29.17519569 352.02996826
7.04753113 28.53217506 352.22277832
8.22839642 28.49037743 351.77349854
6.68892050 27.50836945 351.77557373
7.77965450 27.25124931 352.10922241
6.58743048 26.77627373 351.71801758
7.23785639 26.82274628 351.51745605
6.53731775 26.13268471 351.66885376
7.28703022 26.13685226 351.57763672
6.29127455 25.01743126 351.36175537
6.29338169 24.46151924 351.32150269
6.25077391 23.47967911 351.14047241
6.79906940 23.34998894 350.92395020
6.29981089 22.79337883 351.20071411
6.80119276 22.79387093 350.88372803
5.80110359 22.23672295 351.47839355
6.30198050 22.23716927 351.16046143
6.30416536 21.68086243 351.12011719
6.05526161 21.11617279 350.85223389
5.30411291 20.54984283 350.90219116
5.30561638 19.99227715 350.86105347
5.05565643 19.42471123 350.59271240
4.90422726 18.41222382 347.96179199
5.71814489 18.51365471 347.88504028
5.30840206 17.69365311 348.36846924
5.72105598 17.95221138 347.84515381
5.11103249 17.06348038 350.53192139
5.41188669 16.39031982 350.82061768
4.66109085 15.26084805 350.82888794
5.41648245 15.27491760 350.73962402
4.40984201 14.68820381 350.56011963
5.41881180 14.71702003 350.69909668
4.41222191 14.12920761 350.51940918
5.16792822 14.14439106 350.42993164
4.41388416 13.57025337 350.47805786
5.17026043 13.58589268 350.38934326
4.16186714 12.99524784 350.20849609
4.92007303 13.01143169 350.12069702
2.02926469 12.58991814 348.90057373
5.01496553 12.20061207 350.28579712
2.42960024 11.94905567 349.26556396
3.81926990 12.11095047 349.69281006
4.16197491 11.84231091 349.35076904
2.03538036 10.89955902 348.77597046
3.55598211 10.90091228 347.81811523
4.31959677 10.91951370 347.73352051
2.59888458 10.24725533 349.29977417
3.55760384 10.33746338 347.77645874
4.36898518 10.23059082 347.79763794
4.41829634 9.54196548 347.86175537
3.56237507 9.21017456 347.69458008
4.42055607 8.97929382 347.82098389
2.38650417 8.37465477 348.26681519
3.86846495 8.54127598 347.99114990
2.64651918 7.83146143 348.45745850
3.66118264 7.83236837 347.82266235
3.66349125 7.26893902 347.78179932
2.39317751 6.68263292 348.14294434
3.66589165 6.70545292 347.74084473
2.39493895 6.11852407 348.10113525
2.90263677 6.11899424 347.78338623
3.91598749 5.95016336 348.02957153
5.13803577 4.73223925 350.73229980
2.02492833 3.71701837 359.66494751
0.47658512 1.48482430 358.10675049
7.33037376 29.89723206 352.39495850
7.54203176 29.22227669 351.82400513
7.30074358 28.53466034 351.84829712
7.75568867 28.54744339 351.25393677
7.28559208 27.98391342 351.81796265
7.26938963 27.43309021 351.78768921
7.41511869 27.56764603 350.59991455
6.69432878 27.67606926 348.88555908
6.59197903 26.86046410 351.79498291
7.04793930 26.87477493 351.19967651
7.17380762 26.87815285 350.62359619
6.68010378 27.12310600 348.85534668
6.80998421 27.12681198 348.27932739
6.12742376 26.55143356 348.28015137
6.25829506 26.55514336 347.70352173
6.24729729 25.87521744 351.13897705
6.70627546 25.89035225 350.54415894
5.77702475 25.98549843 348.26550293
6.24404478 26.00098038 347.67333984
6.46392202 25.19855881 350.56823730
5.76279259 25.43083000 348.23522949
6.22982550 25.44681168 347.64309692
6.32288313 24.64230537 351.11477661
6.44870472 24.64572144 350.53787231
5.74854469 24.87607002 348.20495605
6.21559095 24.89254570 347.61288452
6.30667400 24.08938408 351.08428955
6.43350267 24.09278297 350.50744629
5.39914846 24.30781555 348.19015503
5.86616087 24.32481384 347.59762573
6.29147196 23.53644753 351.05377197
6.41827059 23.53984261 350.47702026
5.51574373 23.75610161 347.58233643
6.40306950 22.98670387 350.44653320
5.50246191 23.20051956 347.55200195
5.59365892 22.40021896 351.02944946
6.05468130 22.41854858 350.43386841
5.72086000 22.48206520 348.13973999
6.37165880 22.42116547 347.56854248
5.57840157 21.84598351 350.99884033
6.03945255 21.86481285 350.40332031
5.42328072 21.82861900 348.72283936
5.88936758 21.84775734 348.12979126
5.56314468 21.29165459 350.96820068
5.69000387 21.29497910 350.39056396
5.40802860 21.27327728 348.69241333
5.87513590 21.29289436 348.09945679
5.21267986 20.72060966 350.95602417
5.67476320 20.74054527 350.35998535
5.39376879 20.71781731 348.66195679
5.86088943 20.73793221 348.06909180
5.32526064 20.16901016 350.34719849
5.51039696 20.16579056 348.05450439
4.97378063 19.59630775 350.33441162
5.10356855 19.59970093 349.75625610
5.96624470 19.63144493 347.43225098
4.62224483 19.02241135 350.32171631
5.08834934 19.04397202 349.72555542
4.80930471 19.01821136 348.02508545
5.61568117 19.05813217 347.41699219
4.73681545 18.46949196 349.71234131
4.66216660 18.45782280 348.57260132
4.79500580 18.46135330 347.99459839
5.60142279 18.50236511 347.38668823
4.92896128 17.92890739 350.24224854
5.05882597 17.93229485 349.66424561
4.64689112 17.90088463 348.54202271
4.77974558 17.90451431 347.96408081
5.80836582 17.89371300 347.36834717
4.78488493 17.36956215 350.78976440
5.12682915 17.12424088 350.28848267
5.04353046 17.37635994 349.63351440
4.63259220 17.34392929 348.51141357
4.76543140 17.34755707 347.93356323
5.23658037 17.37098885 347.34094238
4.61830950 16.78687859 348.48080444
4.75114870 16.79050255 347.90301514
5.22333288 16.81441307 347.31048584
4.63015985 15.98880291 350.82354736
5.09628201 16.01298523 350.22711182
5.22611666 16.01624489 349.64971924
4.73688078 16.23345184 347.87243652
5.31510353 16.13360214 347.31961060
4.61488056 15.43258381 350.79269409
5.08103132 15.45715904 350.19635010
5.21187305 15.46049690 349.61901855
5.74522114 15.47441292 347.31369019
4.59958744 14.87615871 350.76187134
5.06576633 14.90133095 350.16555786
5.19660854 14.90466595 349.58831787
4.70830107 15.11904335 347.81121826
4.58432484 14.31973553 350.73101807
5.05048561 14.34550476 350.13479614
4.66723299 14.43433094 348.39764404
4.49048328 14.54302216 347.21871948
5.03523636 13.78947926 350.10397339
4.00890112 13.16285038 350.12744141
3.99356747 12.60522842 350.09658813
4.46377993 12.63262653 349.50030518
4.18856001 12.59485817 347.80041504
5.00118303 12.64678764 347.19198608
3.43337440 12.00152302 349.52236938
3.83485126 12.01196384 347.78582764
2.18069196 11.61283493 349.46456909
3.89022160 11.47126579 348.89517212
2.16532755 11.05191517 349.43350220
3.19613290 10.86136246 348.89868164
3.80617952 10.89426041 347.72442627
3.18181539 10.30181789 348.86779785
3.79188991 10.33531094 347.69369507
3.84630775 9.79595184 348.80264282
4.11700678 9.80309868 347.64712524
3.15212750 9.18266201 348.80599976
4.10265446 9.24455929 347.61639404
2.79638052 8.59510708 348.79214478
4.08837795 8.68596077 347.58566284
2.78200531 8.03480816 348.76119995
3.25826979 8.06688023 348.16516113
3.73458076 8.09897518 347.57073975
2.76665378 7.47446537 348.73025513
3.24393797 7.50707722 348.13427734
3.72024679 7.53972864 347.53997803
2.75230932 6.91404629 348.69924927
3.22960615 6.94721317 348.10336304
3.70693517 6.98041534 347.50918579
2.84609675 6.23282242 348.70925903
3.43156767 6.14603186 348.15505981
3.93272352 6.23406363 347.54125977
1.64865291 4.02626324 359.79391479
2.16989517 4.06586123 359.17810059
2.46947956 4.18693209 358.54385376
2.98644185 4.07211018 357.98715210
3.10720181 4.07386589 357.40643311
2.92171836 4.25242519 356.77450562
3.13543034 4.31416178 356.16848755
3.57709122 4.30988169 355.57931519
4.16212893 4.26344013 355.00131226
4.56031561 4.16313314 354.45074463
1.90065908 4.38331604 351.57614136
2.09451032 4.52258253 350.94515991
2.84624290 4.45324659 350.37683105
3.08823109 4.33676958 349.83840942
4.31633472 4.48540258 349.18716431
6.05893707 4.59631824 348.54501343
6.30097151 4.48081112 348.01239014
6.59241390 4.58502579 347.40179443
4.46405268 4.64318705 344.54772949
5.05563927 4.55892372 344.00299072
7.53753901 4.73044348 343.36557007
8.14900684 4.70090294 342.80831909
8.19276428 4.82557440 342.19833374
8.73805523 4.65203190 341.69512939
8.53844357 4.96061373 340.45440674
9.30811310 4.80761099 339.94851685
9.82200909 4.67403841 339.43624878
9.47885323 4.88315725 338.23165894
9.85723495 4.90975380 337.66397095
10.67436886 4.84744835 337.13568115
14.55738354 -7.40004969 364.36151123
15.01357841 -7.44235229 363.25292969
15.26469612 -7.33641720 361.51168823
15.87021923 -7.35935163 360.94366455
15.99604988 -7.36387491 360.38803101
2.91442013 3.65146399 351.00622559
3.04724550 3.65457606 350.42718506
3.18107724 3.65779519 349.84844971
4.89845276 3.99607038 344.54650879
5.04230833 4.00053692 343.97280884
5.86635303 4.06951046 343.37545776
2.89907980 3.09194160 350.97500610
3.97861242 3.16736341 349.20339966
4.25331211 3.17445731 348.05041504
4.88516855 3.43757558 344.51617432
5.70816946 3.50752664 343.91741943
5.85408640 3.51215959 343.34536743
-0.12972990 1.80676472 358.57748413
0.77915490 1.75823843 357.97790527
0.89991236 1.75996459 357.39398193
0.91150069 1.87953198 356.77105713
1.03422558 1.88155437 356.18759155
1.60670757 1.79975343 355.62002563
1.96278954 1.95355451 354.97467041
2.25763583 2.20064807 352.57083130
1.51674938 1.86612558 354.78582764
7.51781178 28.25464249 350.37728882
7.19364643 28.25031090 349.88378906
6.87041187 28.24607277 349.38983154
7.06282568 27.78422546 351.65985107
7.27889061 27.68677521 350.61624146
7.17438221 27.69845581 349.87301636
6.85120821 27.69411469 349.37905884
7.03991413 27.11780357 350.85519409
6.93508291 27.12989807 350.11160278
6.83193016 27.14205933 349.36828613
6.50971699 27.13781166 348.87393188
6.37183571 26.55592537 349.85552979
6.16996431 26.58139610 348.36767578
6.07066965 26.59428024 347.62536621
6.45505095 25.98948097 350.59020996
6.57294512 26.02025986 349.59570313
6.15076303 26.02923965 348.35693359
6.05221319 26.04251862 347.61398315
5.95537281 26.05596542 346.87133789
6.43567324 25.43562889 350.57934570
6.33319807 25.44931412 349.83389282
6.03300953 25.49076080 347.60327148
5.93692875 25.50470734 346.85995483
6.41557980 24.88177490 350.56915283
6.31316328 24.89596176 349.82373047
6.43265247 24.92868805 348.83084106
6.01449299 24.93880463 347.59185791
6.02113867 24.82962036 346.80108643
6.39615679 24.32772064 350.55822754
6.29378462 24.34240532 349.81286621
6.19251156 24.35715103 349.06860352
6.25918150 23.73893738 351.54495239
6.37601852 23.77367210 350.54797363
6.27440596 23.78885460 349.80194092
5.95236015 23.78442192 349.30633545
5.63197613 23.78018570 348.80957031
5.75572824 23.81513786 347.81668091
5.43804407 23.81095886 347.31970215
6.23898649 23.18378258 351.53463745
6.13592148 23.19931412 350.78717041
6.35892725 23.11207390 349.74200439
6.03708029 23.10763931 349.24658203
5.93801451 23.12346268 348.50164795
5.84067249 23.13934898 347.75711060
5.52315664 23.13516235 347.26031494
5.53197432 23.02795601 346.46896362
5.89445829 22.62385559 351.02783203
5.60829878 22.45956802 347.20101929
5.51353359 22.47619629 346.45758057
5.65232944 22.04719543 351.26928711
5.99433661 22.10630417 350.01962280
5.97487020 21.55185699 350.00863647
5.54659128 21.38680458 348.86663818
5.44494534 21.31523323 348.17129517
5.25502157 21.35044861 346.68121338
5.74457645 20.76603889 348.65722656
5.64708853 20.78393173 347.91253662
5.55205584 20.80199432 347.16741943
5.23655367 20.79778862 346.66979980
5.49168348 20.39726830 350.48831177
5.62848568 20.23077583 347.90103149
5.53349638 20.24933434 347.15594482
5.14661407 19.74772453 350.03030396
5.26248598 19.61168671 349.13378906
5.83065319 19.70087624 347.64221191
5.51493740 19.69657898 347.14443970
5.27449846 19.11977959 347.38052368
5.25519609 18.56632614 347.36968994
5.15776253 17.99894524 349.96496582
5.10021639 18.06818008 349.14859009
5.10895634 17.96724510 348.35284424
5.23656368 18.01286888 347.35815430
5.38057423 17.34964371 350.58740234
5.28180170 17.37052727 349.83856201
5.18545485 17.39157867 349.08935547
5.08953667 17.41259193 348.34194946
4.99605894 17.43377304 347.59411621
5.36102438 16.79339600 350.57629395
5.26229620 16.81478119 349.82751465
5.16599226 16.83632660 349.07836914
5.07081842 16.85793877 348.33029175
4.97738457 16.87961769 347.58255005
4.98962688 16.78059387 346.78887939
4.89574766 16.18373871 351.06967163
5.24274445 16.25893021 349.81646729
5.14650011 16.28097534 349.06738281
5.05138445 16.30308533 348.31933594
4.87542629 15.62629509 351.05923462
5.22317791 15.70308113 349.80541992
5.12769270 15.72562790 349.05566406
4.80981064 15.72117615 348.55709839
4.49362087 15.71691704 348.05740356
4.85576057 15.06874847 351.04809570
5.30939054 15.02687359 349.74572754
5.21332407 15.05001354 348.99676514
4.89634180 15.04555893 348.49771118
4.58033514 15.04119396 347.99819946
4.64257097 15.05712414 347.09222412
4.79705238 14.41786289 346.94387817
4.71915102 13.97756290 350.27416992
4.39772511 13.29164982 350.65100098
4.48661518 13.29603100 349.71508789
4.39259911 13.32077599 348.96389771
4.30041409 13.34568405 348.21319580
4.39300013 13.35032272 347.28234863
4.34979057 12.58932304 349.90740967
4.47936106 12.64474964 348.90475464
4.38659477 12.67015266 348.15490723
4.51903772 12.72546196 347.15652466
4.01274395 12.02735615 349.39538574
4.27763081 12.14026928 347.39297485
3.90180016 11.49633789 348.63156128
4.03482533 11.55397320 347.63098145
4.10663080 10.97074318 348.36984253
4.01612902 10.99792004 347.61932373
4.15122700 11.05659103 346.62078857
3.99741793 10.44176865 347.60766602
4.27840185 10.43331623 346.49465942
3.62040854 9.79222775 348.84786987
3.97937727 9.88561535 347.59530640
3.60086632 9.23440742 348.83685303
3.96063614 9.32934380 347.58364868
3.58204079 8.67651081 348.82507324
4.08692789 8.70570660 347.45806885
4.14453173 8.66781139 346.59393311
3.33824182 8.08432961 349.06481934
4.04808331 8.01147175 346.71649170
3.09367085 7.49102116 349.30526733
3.45544386 7.59097576 348.04843140
3.65673184 6.96063614 347.84939575
4.23521471 6.93555450 346.44412231
3.57278132 6.16526508 348.03359985
3.99351168 6.34482002 346.68029785
6.42754126 5.23336267 346.57916260
9.97556019 5.18679190 337.34927368
7.92445993 28.44269943 350.82199097
7.30400991 27.83460045 349.98400879
7.34329987 27.28980064 351.06201172
6.77182007 27.07180023 349.70999146
6.06814003 26.49060059 347.14401245
6.62763977 26.23810005 349.26901245
6.10017014 25.81320000 347.04299927
6.72272015 25.41550064 349.39599609
6.07191992 25.36409950 347.49301147
5.46993017 25.27689934 346.26501465
6.71377993 24.85770035 349.40399170
6.10639000 24.77210045 348.16900635
5.46114016 24.72360039 346.27200317
6.72721004 24.28079987 349.74798584
6.09750986 24.21590042 348.17599487
5.47339010 24.15119934 346.61099243
6.71821022 23.72229958 349.75601196
6.09087992 23.74309921 348.96301270
5.48555994 23.57769966 346.95001221
6.16700983 23.00629997 349.37701416
5.49780989 23.00300026 347.29000854
6.15618992 22.38339996 348.75900269
5.48902988 22.44779968 347.29800415
6.16922998 21.80480003 349.10198975
5.54325008 21.74979973 347.52999878
4.90141010 21.79529953 346.40701294
5.56971979 21.13199997 347.83599854
4.93442011 21.12000084 346.30599976
5.56902981 20.67049980 348.99499512
4.90492010 20.58819962 345.98098755
5.55858994 19.96150017 347.44299316
4.93756008 19.98900032 346.65200806
5.52815008 19.42910004 347.11599731
4.92867994 19.43420029 346.65899658
5.51918983 18.87380028 347.12298584
4.91977978 18.87940025 346.66500854
5.53172016 18.29400063 347.46398926
4.91085005 18.32449913 346.67199707
4.94369984 17.71969986 347.34600830
4.30401993 17.77630043 346.22000122
5.55809021 17.26939964 349.71301270
4.97763014 17.04400063 347.24398804
4.35082006 17.10810089 346.59799194
5.55291986 16.65010071 349.16000366
4.98894978 16.52939987 348.36499023
5.00121021 15.94489956 348.70800781
4.94977999 15.44069958 348.04299927
4.38007021 15.32689953 346.98999023
5.00447989 14.80029964 349.05999756
4.38609982 14.71020031 346.70199585
3.76904988 14.74730015 345.90798950
4.99540997 14.24120045 349.06698608
3.78016996 14.16460037 346.24700928
5.00762987 13.65320015 349.41101074
4.42941999 13.54319954 348.10800171
3.77126002 13.60939980 346.25299072
4.42139006 12.95540047 347.72500610
3.76234007 13.05420017 346.25900269
4.39156008 12.42790031 347.39599609
3.75340009 12.49890041 346.26501465
4.38253021 11.87090015 347.40200806
3.78459001 11.88300037 346.93899536
4.37347984 11.31389999 347.40899658
3.75554991 11.35729980 346.61099243
3.79056001 10.68420029 346.50900269
3.82553005 10.01150036 346.40701294
3.80520010 8.93360996 346.93701172
3.79867005 8.34395027 346.42599487
3.78964996 7.78797007 346.43200684
3.80092001 7.19742012 346.77099609
9.91569996 6.40848017 337.10501099
9.32971001 6.42329979 336.66900635
8.76939011 6.40441990 336.54501343
6.48872995 6.44139004 336.14001465
5.88713980 6.52027988 335.86898804
3.83663988 6.52545977 346.66900635
7.03882980 5.92081022 336.27398682
7.57984018 4.86119986 336.41198730
9.89387989 4.17666006 336.71899414
8.13014984 4.34059000 336.54501343
7.57055998 4.32208014 336.41799927
5.33600998 4.21088982 335.17498779
8.72257042 3.70995998 336.57699585
8.15723038 3.65391994 335.72601318
7.08713007 3.54413009 336.09600830
5.87034988 3.75285006 335.82800293
