0.26571634 21.02579880 348.75024414
0.29421887 19.34887886 348.77819824
0.20998740 18.54462814 348.57199097
0.21952370 17.98579979 348.58120728
0.22822070 17.42703629 348.58996582
1.28700566 14.61469460 348.74954224
0.74952674 14.02012730 348.24624634
0.75889564 13.46078300 348.25564575
0.76832563 12.90143776 348.26513672
2.33937478 12.35184956 348.89962769
1.01969254 12.27725124 348.45831299
1.73656511 11.60093307 348.25061035
0.98265624 11.59757042 348.35943604
1.74590433 11.04048824 348.26013184
0.99207139 11.03772926 348.36883545
2.13265228 10.52457237 348.63665771
0.74277771 10.50405693 348.15774536
2.02507782 9.89266300 348.50070190
2.03441763 9.33151340 348.51031494
3.17910743 8.81312180 348.77825928
2.04365087 8.77028751 348.51986694
3.07057190 8.18083668 348.64175415
2.05299091 8.20900249 348.52941895
3.08055377 7.61842203 348.65209961
1.75710571 7.55874491 348.21020508
3.35164285 7.02637959 348.88348389
1.46114302 6.90990400 347.89086914
3.09975481 6.49334860 348.67214966
1.47043633 6.34987736 347.90042114
3.06244421 5.81332207 348.57217407
2.11570358 5.79653072 348.49645996
3.02583480 5.13365746 348.47286987
1.74820864 5.19849157 348.13967896
3.03580141 4.57130194 348.48321533
1.75742614 4.63773346 348.14923096
3.04498982 4.00886536 348.49288940
1.10125220 3.32814670 346.64166260
4.01405382 2.93851995 337.62396240
-0.95325989 17.56730461 348.59170532
-0.24888480 16.98348618 348.53646851
0.70567006 13.62748146 347.88119507
0.47066596 13.55830383 349.05010986
0.61510026 13.03162384 348.46286011
0.49656048 12.99710941 349.04708862
0.98348975 12.45353031 348.43341064
0.96636802 12.33290005 350.16168213
1.00943053 11.89163208 348.43041992
0.99232459 11.77050972 350.15850830
1.37878287 11.31177998 348.40081787
1.13880444 11.24260902 349.57089233
1.01733506 11.20807838 350.15536499
1.40481579 10.74918270 348.39791870
0.49383488 10.62992764 348.98968506
1.77427626 10.16762161 348.36840820
1.80027938 9.60442924 348.36547852
1.33727431 9.58931637 348.97714233
1.71871114 8.91990089 348.31698608
1.25565982 8.90537453 348.92849731
2.88693595 8.41576672 348.27917480
2.91298628 7.85071421 348.27621460
2.30084276 7.22379732 348.27966309
1.10451972 7.06214046 349.45776367
2.40430069 6.50175190 348.20559692
2.08675194 5.96042252 348.22985840
1.96525216 5.92561150 348.81503296
2.64440775 5.44535351 348.22140503
1.99134719 5.36178446 348.81204224
2.48348737 4.80866766 348.19686890
2.01738143 4.79790068 348.80908203
2.32259703 4.17288113 348.17224121
2.04340029 4.23393869 348.80624390
4.24662828 3.40660262 337.47164917
3.69845605 3.35787964 338.68753052
3.14488864 3.22899938 339.26843262
2.58831501 3.10014844 339.84777832
2.48196864 3.06374216 340.43450928
2.48127389 3.14484406 341.06515503
2.31025124 3.23908496 341.71255493
1.89744461 3.14988470 342.29516602
0.58303148 3.05323887 347.66284180
-0.15626274 2.93859959 348.23965454
0.05053794 3.06870937 348.87649536
0.65074658 2.95162368 352.34811401
-1.87265670 2.80163693 353.54608154
-2.11103988 2.64982295 354.07470703
-2.45243049 2.70846653 354.69601440
-3.05613923 2.63530660 355.26663208
-3.19190836 2.60228872 355.84066772
-3.22501707 2.68805170 356.46252441
-3.46646810 2.53659320 356.98742676
-3.60527396 2.50392675 357.56021118
-3.64134359 2.59019756 358.18124390
-3.88682318 2.43892384 358.70419312
-4.40732765 2.56293750 359.34780884
4.00058460 2.41116953 345.07174683
3.60580468 2.60808730 345.77609253
3.18511486 2.51111865 346.35223389
2.72201371 2.50193906 346.96762085
2.25680661 2.49311519 347.58105469
1.80922902 2.10292745 348.02633667
1.03684461 2.33246160 351.71554565
0.56806201 2.26991320 352.29708862
0.35466000 1.55469680 352.82662964
-2.55974984 20.74269676 349.59780884
-2.02646232 19.06027794 349.01074219
0.67450035 18.35449409 349.42056274
-0.96459848 17.89662743 348.68124390
0.70381188 17.79215431 349.39706421
0.73387116 17.22966385 349.37280273
0.13140453 16.16335106 348.32675171
0.46254471 16.13388252 348.82608032
0.26616636 15.57870865 349.06283569
0.52211452 15.00835228 348.77850342
0.77864337 14.43685627 348.49331665
0.80820006 13.87331104 348.46990967
0.91102427 13.85305023 349.23126221
0.83772629 13.30966568 348.44650269
0.86795431 12.74607563 348.42236328
0.96992332 12.72685909 349.18441772
0.79141665 12.05672264 348.44253540
0.89323264 12.03800488 349.20449829
0.76805824 12.03042221 350.22436523
0.71477175 11.36776829 348.46270752
0.91779220 11.33160210 349.98468018
0.94713426 10.76925659 349.96121216
1.29520452 10.38674068 347.91989136
1.10285866 10.21121025 348.91604614
1.35974264 9.63452053 348.63073730
1.16191113 9.08387566 348.86911011
1.26197004 9.06802368 349.63107300
1.94651711 8.56081486 348.02972412
1.51859534 8.49062538 349.34689331
1.67656684 7.92698002 348.29776001
1.54738939 7.92675495 349.32412720
1.70617056 7.36200905 348.27435303
1.34963250 7.37806654 349.56137085
1.96385133 6.78115988 347.98809814
1.83438218 6.78319025 349.01571655
1.76536274 6.23186064 348.22747803
1.86322260 6.21857977 348.99298096
2.02319717 5.64987421 347.94125366
1.59829426 5.50121689 349.20074463
1.93567431 4.82606602 348.76965332
1.81665337 4.18567514 348.86267090
-1.91824186 20.46019745 349.55407715
-1.90031528 19.89816856 349.51296997
-1.90631318 19.33295822 349.12728882
-1.29392493 19.32032967 349.58978271
-1.32288516 18.75091553 348.85852051
-0.73379546 18.73519897 348.97845459
-0.10041285 18.72676277 349.78961182
-1.30485058 18.18754196 348.81829834
-0.71583718 18.17177773 348.93725586
-0.10483793 18.16018486 349.40383911
-0.74392521 17.59899712 348.20373535
-0.13167496 17.58786964 348.67132568
0.50072968 17.58154106 349.48559570
-0.72590494 17.03438377 348.16244507
-0.11376177 17.02368546 348.63107300
0.49844900 16.93411255 349.62997437
-0.07337572 16.46530342 348.93652344
0.47589847 16.20308685 349.95986938
-0.10027062 15.88894939 348.20281982
-0.12379146 15.19515038 348.26843262
0.48958579 15.07137585 349.53472900
1.09048831 13.92146492 349.23352051
0.47708574 13.35643196 348.37551880
1.10827911 13.35778236 349.19329834
0.49495357 12.79161167 348.33419800
1.12619197 12.79403591 349.15408325
0.51294369 12.22673035 348.29391479
1.14475441 12.12243843 349.90881348
0.53090322 11.66184807 348.25360107
0.57107258 11.10753345 348.56130981
1.20124006 11.11309624 349.38031006
1.13372564 10.40019131 348.75308228
1.76235092 10.40702820 349.57220459
1.13076305 9.72113514 349.16503906
1.14866054 9.15738106 349.12478638
1.77647555 9.16642761 349.94409180
1.18764889 8.70680046 348.63220215
1.79426563 8.60365963 349.90493774
1.79109979 8.02727699 349.51953125
1.80893612 7.46390295 349.47933960
1.78461814 6.87110758 348.74655151
1.82356274 6.32166004 349.05355835
1.84149134 5.75749540 349.01434326
1.81613529 5.06880188 349.08032227
-3.76737475 3.53504801 359.67025757
-3.08975053 3.74522257 360.17047119
0.32398921 3.60729146 361.56344604
-3.72278142 1.27452147 359.57846069
-3.12437844 1.31009233 359.88479614
-0.21610385 1.37581730 360.90356445
0.42308876 1.50686896 361.42153931
0.02085434 17.69120789 349.61227417
-0.25665027 15.96447372 348.45898438
1.63488925 15.20090771 349.45602417
1.37665141 14.62584686 349.18206787
1.63178706 14.07602119 349.36856079
1.63056409 13.51340961 349.32513428
1.62937164 12.95079899 349.28167725
0.39561185 12.21835423 348.97113037
1.76859343 12.29251194 349.41333008
1.21575749 11.57370567 349.72326660
1.72103941 11.57206821 349.40234375
0.46152264 10.57320786 348.88150024
1.78392100 10.55455971 349.32476807
2.69089603 10.60463905 349.35397339
1.45950472 9.86742973 349.04067993
2.47981644 9.89994144 349.18338013
1.71630013 9.32185841 349.22863770
2.22182655 9.32035446 348.90887451
2.22130561 8.75762749 348.86614990
1.45599008 8.17775154 348.91021729
2.22015929 8.19487476 348.82272339
3.23949170 8.23063850 348.96804810
1.45485938 7.61438179 348.86669922
2.21892118 7.63206148 348.77929688
3.23828340 7.66892099 348.92474365
1.45259809 6.48743582 348.77960205
2.47412539 6.52638388 348.92437744
3.23722506 6.54520512 348.83947754
1.59904766 5.76514769 348.95245361
2.51860642 5.83977795 348.98483276
3.28158355 5.85915995 348.90008545
1.83010709 5.05132294 349.20114136
2.86547852 5.05141020 349.38067627
3.58174443 5.19481611 349.19171143
3.77202535 4.27896929 351.87200928
0.72563088 2.65738320 361.58502197
1.35900462 18.99554062 348.92138672
1.34169948 18.43363953 348.89105225
1.39422703 17.05487061 349.49261475
1.52434397 17.05739403 348.90924072
1.03257918 16.47354507 349.47982788
1.50807631 16.49567032 348.87884521
1.01528966 15.91114807 349.44934082
1.83320642 15.95401287 348.83157349
0.99796981 15.34875202 349.41888428
1.47351193 15.37196922 348.81808472
0.98069584 14.78625774 349.38836670
1.45620692 14.81007195 348.78771973
0.96343702 14.22376156 349.35781860
1.89002287 14.14516735 348.78045654
1.27226794 13.12131691 349.27923584
1.02014935 12.41152954 349.30639648
2.63083386 12.38383293 348.69552612
1.19179106 11.74458981 350.46423340
1.32291532 11.74687958 349.88110352
1.79746306 11.77320194 349.28088379
2.61458015 11.82361031 348.66516113
1.41428077 11.06172752 349.89099121
2.23138189 11.11321831 349.27316284
2.59733510 11.26320839 348.63482666
2.08819127 10.11418056 349.17193604
1.47112739 9.25342464 349.83981323
1.83707964 9.40451622 349.19943237
2.80467176 9.42715073 348.59213257
2.13692665 8.74522495 349.77270508
2.27102637 8.74748802 349.19192505
3.08623219 8.80331421 348.57751465
2.11966658 8.18439007 349.74215698
2.25379705 8.18668270 349.16143799
3.07000852 8.24355984 348.54718018
1.76083219 7.59561729 349.72982788
2.23650622 7.62580681 349.13098145
2.71221089 7.65603065 348.53375244
1.74352670 7.03412771 349.69927979
2.21926141 7.06487322 349.10046387
2.69595742 7.09563017 348.50338745
1.72632813 6.47257376 349.66867065
2.20302367 6.50385332 349.06994629
3.31918073 6.50254679 348.47216797
1.70903814 5.91095257 349.63806152
3.08336329 5.76007891 349.08636475
3.55810523 5.79191875 348.49087524
1.72250247 5.17839861 349.66833496
2.83426619 5.05013752 349.11526489
3.72658730 5.16273022 348.48245239
5.31285143 3.93305898 350.71960449
0.40100679 3.04327703 361.93197632
1.01085281 3.14074755 361.28466797
1.61576450 3.08393860 360.69589233
1.73080766 3.08409858 360.11291504
1.63337076 3.32026529 359.45443726
1.85718668 3.20265579 358.90948486
2.09069586 3.27806592 358.29476929
2.87523460 3.14865613 357.73153687
2.88959146 3.26736259 357.11242676
2.90492463 3.38656092 356.49346924
1.06773591 3.41219163 353.08761597
1.53748667 3.44529676 352.48376465
2.58765459 3.39289188 351.32196045
2.73050022 3.58990765 350.67196655
3.74453354 3.50645971 347.23574829
4.24934912 3.59513402 346.62426758
4.72921562 3.62957907 346.03427124
6.80669355 3.67326307 344.86068726
7.72598267 3.62007523 344.30688477
7.87119102 3.62344074 343.73815918
8.37715149 3.71218824 343.13873291
8.64762497 3.66574430 342.02395630
9.13153744 3.70064497 341.44772339
9.28179550 3.70456648 340.88244629
9.43307686 3.70834661 340.31735229
9.91906452 3.74399042 339.74502563
2.03163004 2.70578647 354.23364258
2.15874219 2.70722318 353.65255737
2.28684568 2.70876312 353.07186890
3.14994049 2.74812436 350.73336792
3.62272716 2.78236175 350.13619995
4.16832876 2.79188061 347.82925415
4.30749512 2.79452705 347.25354004
1.20607054 2.07949066 354.83056641
2.12016702 2.02789521 354.24264526
2.13951278 2.14752293 353.62152100
2.37637448 2.03075719 353.08154297
3.87683940 2.22843075 348.95156860
4.01397610 2.23089099 348.37512207
4.15216541 2.23347211 347.79907227
4.91134024 2.27454209 346.05862427
5.49897432 2.19137621 345.51333618
5.87311792 2.34627557 344.88442993
6.35499954 2.38195825 344.29928589
0.88151586 19.94502831 349.10864258
0.83999550 18.82314491 349.08654785
0.52191257 18.81991196 348.58157349
0.81921250 18.26215172 349.07543945
0.73103660 18.28291130 348.31811523
0.79839903 17.70106125 349.06439209
0.71029896 17.72241974 348.30706787
1.09579062 17.14319992 349.55838013
0.77758569 17.13987160 349.05325317
0.69024813 17.16172409 348.29528809
1.07422972 16.58191299 349.54788208
0.75677240 16.57858276 349.04211426
0.89937067 16.62662888 348.03182983
1.16097963 15.89808369 349.48773193
1.07234418 15.92106247 348.72991943
0.10336339 16.01098442 348.01898193
1.70427346 15.26821804 348.92233276
1.68342853 14.70822906 348.91119385
1.20469868 14.09237957 349.40679932
1.34640849 14.14476013 348.39553833
1.18382430 13.53108883 349.39559937
1.32559419 13.58456898 348.38442993
1.01044095 13.58137608 347.87954712
1.72659492 12.90682316 348.83108521
1.76158047 13.08201122 347.86972046
1.23054600 12.38251781 350.13232422
2.04123116 12.25541878 348.51931763
1.43804848 11.85047817 349.86724854
2.70096827 11.78574657 347.75451660
1.75294363 11.19918633 349.55429077
2.22642136 11.16687965 348.24578857
1.83857763 10.51815701 349.49581909
2.20557570 10.60788918 348.23468018
2.37989283 9.90132141 348.93124390
2.18535566 10.04880142 348.22271729
3.14411807 9.31895733 348.11853027
2.00347304 8.86852074 349.20892334
2.57887340 8.21611500 348.63040161
3.08156300 7.64525175 348.08505249
3.06064034 7.08723593 348.07385254
2.67559719 6.42848730 349.32104492
2.58828235 6.45978212 348.56448364
2.65391254 5.86875677 349.31042480
2.56734514 5.90059566 348.55325317
2.96663308 5.22748089 348.99957275
9.64290905 4.04024172 339.70864868
3.19670105 3.56266785 356.20700073
6.25143862 3.60513425 338.26904297
0.27275199 20.73139954 348.40499878
0.83559197 19.63069916 348.54699707
0.30347699 19.46629906 348.04299927
0.91498399 18.82789993 348.33300781
0.31892899 18.83449936 347.86300659
0.85246199 18.46290016 349.23599243
0.31045699 18.27610016 347.86801147
0.91518402 17.68470001 348.68200684
0.30196500 17.71759987 347.87298584
0.88931602 17.15089989 348.34899902
0.31006700 17.13330078 348.21600342
1.49611998 16.55680084 349.16500854
0.88072002 16.59169960 348.35400391
1.48739004 15.99650002 349.17098999
0.87210500 16.03249931 348.35998535
1.46074998 15.46350002 348.83700562
0.86347097 15.47319984 348.36499023
1.45202994 14.90359974 348.84201050
0.89950103 14.79380035 348.26000977
1.49714005 14.25829983 349.86700439
1.47038996 13.72560024 349.53298950
1.47046995 13.10400009 348.74899292
0.91835099 12.99660015 348.16699219
1.48845005 12.45489979 348.30700684
2.05857992 11.91339970 348.44400024
1.46164000 11.92609978 347.97399902
2.07405996 11.33559990 349.35299683
1.47087002 11.33619976 348.31698608
2.67789006 10.71749973 349.60598755
2.05958009 10.76280022 348.79400635
1.51593006 10.60389996 347.42898560
2.66896009 10.15629959 349.61199951
2.07711005 10.11699963 348.35198975
2.09440994 9.47270966 347.91101074
2.68291998 8.89863968 348.38699341
2.08558989 8.91390991 347.91598511
2.67400002 8.33924007 348.39300537
2.07675004 8.35505009 347.92199707
2.66507006 7.77976990 348.39801025
2.06788993 7.79612017 347.92700195
3.23480010 7.23822021 348.53698730
2.65612006 7.22022009 348.40399170
2.05902004 7.23713017 347.93301392
3.24579000 6.64327002 348.88101196
2.64716005 6.66061020 348.41000366
3.23673010 6.08304977 348.88699341
2.63818002 6.10094023 348.41500854
3.26999998 5.40578985 348.55899048
2.68093991 5.38265991 347.52899170
9.42103004 4.75779009 339.66198730
8.81132984 4.83662987 339.39401245
8.22280979 4.85338020 338.95098877
6.03449011 4.59250021 337.92001343
5.38651991 4.81336021 338.28799438
4.82608986 4.75253010 337.37200928
3.26899004 4.80536985 348.00500488
2.76328993 4.59431982 347.31600952
6.50120020 4.29106998 338.25799561
8.81579971 2.55205989 339.31900024
5.45930004 2.33359003 337.39300537
