-0.57527161 76.93552399 361.49548340
-1.65258789 76.68503571 361.24682617
0.62033081 76.19924164 361.66723633
-0.30233765 76.40318298 361.74353027
-1.95487976 75.93132782 360.90148926
0.21195984 75.86039734 361.40219116
-0.55337524 75.79839325 361.50491333
-1.94464111 75.36479950 360.90545654
0.71485901 75.26088715 361.82223511
-0.59533691 75.07916260 361.40179443
0.49775696 74.75664520 361.65591431
-0.89949036 74.32609558 361.05545044
0.24470520 74.15252686 361.41656494
-0.86752319 73.79869080 361.89120483
1.23303223 73.52654266 361.45242310
0.20277405 73.43311310 361.31338501
-0.85647583 73.22954559 361.89590454
1.19129944 72.80618286 361.34924316
1.21389771 71.66563416 361.35946655
0.18344116 71.57548523 361.22052002
-0.32026672 71.54852295 361.56549072
1.49026489 71.12636566 361.60836792
0.19432068 71.00608063 361.22525024
-0.30943298 70.97901917 361.57025146
1.73999023 70.55146790 361.02209473
1.23641968 70.52461243 361.36981201
0.20520020 70.43652344 361.23007202
1.75154114 69.98085022 361.02755737
0.98394775 69.92388916 361.13259888
0.21604919 69.86690521 361.23501587
1.76242065 69.41025543 361.03247070
0.99484253 69.35379028 361.13748169
0.22756958 69.29710388 361.24060059
1.24577332 68.78156281 360.55404663
3.20870972 50.77766037 357.76266479
3.16905212 50.06800461 357.65972900
3.19255066 48.92810059 357.67343140
3.20423889 48.35795975 357.68032837
3.21591187 47.78776550 357.68716431
2.51866150 45.51158524 360.27560425
1.79998779 45.38542557 360.38159180
2.58517456 44.84782410 360.28796387
2.59696960 44.27410126 360.29479980
2.34143066 43.69529724 360.06036377
2.50228882 42.30006790 359.26733398
3.89904785 41.56788254 357.20690918
2.75367737 41.75407791 358.69448853
2.68788147 41.07080841 357.77328491
2.64938354 40.36438370 357.66915894
2.66099548 39.79367828 357.67611694
2.40748596 39.22210312 357.44665527
2.41976929 38.65180206 357.45437622
3.00451660 34.79656601 355.33016968
1.19184875 33.81389999 358.60787964
3.09011841 33.22251129 355.46429443
1.55572510 33.23559952 358.93118286
3.31695557 32.51646805 355.59356689
2.34303284 32.82570648 359.72692871
1.69915771 32.04080582 358.21707153
3.34112549 31.37754631 355.60937500
1.13211060 31.35104561 357.63790894
5.32882690 30.97429466 353.45068359
3.08854675 30.81517982 355.38452148
0.56710815 30.66401100 357.06085205
5.10723877 30.36772346 354.03225708
4.13356018 30.26101303 355.51879883
2.83509827 30.25369835 355.15905762
1.08355713 30.12493324 356.73455811
3.87966919 29.69891548 355.29388428
2.84710693 29.68498611 355.16708374
1.83151245 29.62032509 357.44323730
5.16314697 29.18131828 354.85382080
3.89169312 29.12899780 355.30184937
2.85839844 29.11616325 355.17431641
1.89828491 28.95927429 357.45388794
4.62226868 28.45070839 355.09042358
3.90361023 28.55909157 355.30990601
3.08560181 28.40843201 355.30322266
2.41609192 28.41853523 357.12612915
2.42750549 27.84732056 357.13330078
2.17376709 27.28664207 356.90530396
3.57521057 26.60183907 354.87814331
2.18516541 26.71580887 356.91250610
3.05705261 26.05580139 354.42263794
2.57936096 25.97137260 355.55789185
3.30705261 25.53012657 353.86395264
2.32682800 25.41422081 355.33288574
2.60273743 24.83232689 355.57315063
3.06567383 24.40732193 353.64910889
3.82247925 23.67132187 354.23773193
3.78576660 22.97535706 354.13452148
4.09590149 22.47603035 354.44854736
4.07484436 21.82180786 354.38159180
3.82131958 21.26831627 354.15896606
3.05342102 21.25365257 354.26321411
3.83311462 20.69919586 354.16711426
3.06459045 20.68501854 354.27066040
4.11036682 20.11264992 354.40609741
4.12213135 19.54273415 354.41430664
3.67057800 18.90192986 353.96356201
3.51844788 18.19067001 353.74548340
3.53025818 17.62205315 353.75366211
4.57539368 17.04438400 353.88690186
3.54193115 17.05333138 353.76190186
4.58708191 16.47446442 353.89517212
3.55372620 16.48461342 353.77014160
4.33349609 15.92556953 353.67398071
3.18003845 15.86154270 353.39682007
4.61125183 15.33444309 353.91247559
4.62297058 14.76432896 353.92080688
4.16400146 14.04392529 353.41589355
3.75421143 13.44848156 353.02474976
3.50123596 12.90389633 352.80429077
3.51280212 12.33607388 352.81259155
3.78854370 11.74331093 353.04898071
3.48844910 11.07890987 352.71685791
3.45309448 10.39007282 352.61343384
3.20042419 9.84909534 352.39389038
4.50819397 9.23134708 352.75405884
3.21212769 9.28177929 352.40222168
4.25512695 8.69010830 352.53512573
3.22300720 8.71449184 352.40991211
4.26664734 8.12163258 352.54348755
3.23457336 8.14711857 352.41824341
4.28982544 6.98446846 352.56036377
4.18147278 6.34635448 352.41781616
2.95758057 6.35540199 352.10275269
3.68914795 5.67018986 351.89764404
2.66032410 5.70014477 351.77334595
2.67112732 5.13393021 351.78097534
3.71226501 4.53550053 351.91448975
2.68202209 4.56764317 351.78866577
0.37777710 78.57308960 360.96954346
1.53631592 77.70692444 360.36532593
1.42265320 77.67671967 360.95697021
-2.03475952 76.75131226 361.50460815
1.56019592 77.14579010 360.36010742
1.09820557 77.07059479 360.96215820
-1.85362244 76.12391663 361.46688843
1.58518982 76.58464050 360.35479736
-1.48738098 75.61085510 361.45144653
1.60911560 76.02334595 360.34960938
-1.46459961 75.05391693 361.44610596
1.87469482 75.35366058 360.29394531
0.26443481 74.99929810 360.88973999
1.44335938 74.59777069 360.26095581
-0.17381287 74.36660767 361.48364258
1.46824646 74.03659058 360.25570679
1.35267639 74.00589752 360.84686279
0.19557190 73.84926605 361.46829224
1.49226379 73.47537994 360.25045776
1.37661743 73.44460297 360.84158325
0.56593323 73.33079529 361.45291138
1.51622009 72.91407776 360.24523926
1.40054321 72.88320923 360.83636475
0.58886719 72.77033997 361.44772339
-0.77827454 72.31732178 361.98629761
1.54118347 72.35260773 360.24011230
1.42552185 72.32169342 360.83117676
-0.75445557 71.75881195 361.98104858
1.91366577 71.83111572 360.22329712
-0.26828003 71.27072906 361.37847900
-0.73063660 71.20021820 361.97583008
1.59008789 71.22964478 360.22970581
-0.24446106 70.71153259 361.37329102
-0.70774841 70.64144135 361.97067261
1.61502075 70.66787720 360.22457886
-0.22058105 70.15221405 361.36816406
-0.68392944 70.08266449 361.96548462
2.33621216 70.18291473 360.19613647
0.82608032 69.99822235 360.83264160
-0.19673157 69.59290314 361.36300659
-0.66004944 69.52374268 361.96035767
2.01164246 69.58206177 360.20281982
1.54534912 69.51288605 360.80548096
1.92861938 68.87029266 360.15744019
1.19494629 68.72747040 360.75424194
1.84466553 68.15889740 360.11199951
1.03271484 68.05460358 360.72604370
1.40339661 67.52910614 360.70956421
2.00166321 67.18283081 360.14227295
1.42837524 66.96726990 360.70443726
1.91860962 66.47185516 360.09677124
1.59590149 65.87496948 360.10382080
2.43302917 65.41215515 359.48251343
1.96769714 65.34666443 360.08670044
2.10928345 64.81553650 359.49035645
1.64390564 64.75056458 360.09396362
2.13430786 64.25273132 359.48544312
2.15928650 63.68986511 359.48049927
2.18435669 63.12690735 359.47564697
2.56573486 62.48021698 358.82458496
2.44917297 62.44836807 359.41659546
2.72492981 61.49938583 358.85601807
2.58830261 60.71671295 358.78927612
2.55879211 60.08017731 358.76382446
2.23486328 59.48812485 358.77294922
2.25988770 58.92494583 358.76815796
2.28500366 58.36167145 358.76342773
2.66006470 57.82511902 358.74465942
2.68510437 57.26103973 358.73992920
2.71011353 56.69696426 358.73522949
2.73622131 56.13271713 358.73059082
2.76126099 55.56845093 358.72589111
3.13554382 55.02804565 358.70721436
2.70228577 54.29607391 358.67449951
3.27072144 54.42142105 359.87329102
2.73770142 53.62135696 358.03607178
2.61907959 53.58865738 358.62750244
2.78881836 52.49272919 358.02691650
3.23683167 52.58080673 359.81616211
2.81492615 51.92840958 358.02221680
2.84100342 51.36386490 358.01766968
3.17790222 51.30646515 359.76373291
2.86602783 50.79927826 358.01318359
2.89222717 50.23453903 358.00863647
2.91728210 49.66965866 358.00424194
2.94337463 49.10482025 357.99972534
3.31779480 48.55774307 357.98016357
2.88525391 47.83419418 357.94802856
2.92156982 47.16180420 357.30935669
2.45260620 47.11204529 357.91583252
2.94767761 46.59706879 357.30496216
2.47871399 46.54771042 357.91140747
3.32321167 46.04775620 357.28439331
2.50379944 45.98322678 357.90695190
3.34931946 45.48221588 357.28002930
2.18139648 45.40370941 357.91802979
1.57963562 45.13142014 360.22891235
3.02600098 44.90193558 357.29177856
1.60374451 44.56730652 360.22424316
3.40158081 44.35072708 357.27133179
1.51838684 43.86412811 360.17532349
3.42674255 43.78483582 357.26699829
1.81495667 43.51886749 359.64221191
2.72578430 43.01288986 357.23162842
2.15209961 42.92096329 359.60910034
2.56210327 42.35177612 357.20361328
1.96937561 42.27267456 358.39797974
1.84477234 42.23919296 358.98629761
1.99446106 41.70848846 358.39358521
2.96287537 41.23348236 357.17858887
2.01953125 41.14419556 358.38925171
2.98902893 40.66812515 357.17434692
2.17022705 40.61345291 357.79626465
3.01510620 40.10268784 357.17010498
1.96900940 39.93567276 357.76296997
3.51243591 39.58031082 356.55816650
3.18991089 39.00510788 356.57116699
2.75686646 38.29467010 356.54003906
2.01930237 38.20179749 357.14270020
4.06315613 37.92319489 355.93649292
1.97898865 37.57823944 356.52636719
4.44108582 37.36379623 355.91439819
2.00508118 37.01437759 356.52224731
3.36131287 36.70752335 355.94201660
2.37890625 36.45700836 356.50082397
2.87533569 35.93226624 355.88961792
2.40504456 35.89235306 356.49670410
3.32429504 35.46300507 355.89718628
2.43113708 35.32770157 356.49264526
3.62620544 34.81199265 355.84527588
2.45719910 34.76296234 356.48858643
3.30355835 34.24099350 355.85937500
2.79177856 33.58026886 355.84988403
1.33027649 33.38998413 358.23086548
0.96542358 33.18815994 359.35644531
0.68247986 32.71996307 357.62808228
4.08277893 32.54854202 355.81094360
0.48170471 32.08974457 357.60961914
2.95060730 31.84053612 355.81686401
0.62686157 31.46219063 357.57482910
2.52124023 31.14009666 355.78634644
1.79756165 31.03652763 357.56646729
4.64744568 30.98241234 353.43167114
2.54728699 30.57503319 355.78237915
1.47560120 30.47100067 357.57891846
3.39292908 30.04525948 355.15194702
2.57243347 30.00994492 355.77856445
1.39495850 29.77492905 357.52935791
3.49418640 29.56759071 355.17807007
1.90455627 29.44474411 355.81140137
2.22186279 29.34287262 357.53753662
3.09825134 28.91327286 355.16326904
2.02006531 28.71201515 357.51889038
4.83714294 28.46587944 354.51449585
3.47340393 28.34648895 355.14028931
2.20191956 28.12451935 357.49880981
3.97314453 27.81271172 354.52691650
3.15156555 27.78140259 355.15560913
2.42579651 27.68080521 356.93844604
4.47192383 27.27783775 353.91192627
3.64933777 27.24754143 354.54293823
2.83879089 27.05922699 355.10885620
2.34414673 26.98410034 356.88851929
2.98637390 26.38728714 355.05706787
2.04006958 26.32448769 356.26971436
3.38113403 25.92442322 353.28610229
3.70367432 26.11420822 354.53543091
3.01254272 25.82153511 355.05322266
2.19268799 25.79396439 355.67907715
1.71900940 25.76316833 356.28393555
3.06018066 25.36223602 353.30355835
2.93865967 25.32796288 353.89236450
3.03967285 25.25562096 355.04940796
2.21879578 25.22920227 355.67523193
3.31390381 24.75829506 353.86813354
2.71763611 24.69413376 355.06509399
2.59205627 24.65993118 355.65264893
3.34106445 24.19227791 353.86444092
3.09298706 24.12374878 355.04180908
1.70724487 23.84515953 355.59460449
3.36724854 23.62621880 353.86087036
3.11914063 23.55758858 355.03805542
3.74362183 23.05409050 353.83654785
3.14631653 22.99147606 355.03427124
3.29801941 22.45942879 354.44226074
2.44763184 22.26408768 355.00180054
2.28543091 21.61544228 354.97384644
4.04991150 21.31152725 354.39462280
3.61799622 20.62349319 354.36495972
2.68597412 20.47717476 354.94671631
3.18707275 19.93709564 354.33551025
2.86584473 19.38022041 354.35217285
4.25393677 18.90138054 353.72198486
3.24029541 18.80461884 354.32821655
3.39308167 18.27260780 353.73672485
2.91818237 18.24859238 354.34506226
3.23089600 17.62514114 353.70935059
2.94532776 17.68258476 354.34143066
4.17250061 16.54891586 353.68386841
3.86491394 15.90184307 353.06658936
3.16146851 15.86224842 353.67950439
3.78312683 15.20874691 353.01651001
2.61422729 15.21368694 353.66842651
3.11441040 14.66918468 353.05694580
2.98780823 14.63465786 353.64376831
3.91183472 14.15852070 353.04067993
3.16870117 13.53704357 353.04995728
2.65980530 12.90836430 353.04467773
4.04476929 12.40764236 352.41116333
3.91915894 12.37312698 352.99923706
4.07296753 11.84036160 352.40780640
3.24923706 11.83852673 353.03982544
3.87310791 11.18041229 352.37600708
2.89930725 11.11809921 352.98861694
3.56066895 10.47514915 352.32998657
2.73886108 10.47570896 352.96124268
3.23924255 9.92671585 352.34945679
2.41835022 9.92833138 352.97998047
3.61505127 9.34189606 352.32330322
3.29464722 8.79430294 352.34271240
3.09562683 8.13796139 352.31085205
2.09156799 7.47811985 352.31045532
2.46339417 6.89290810 352.28424072
2.49150085 6.32790852 352.28082275
2.54472351 5.19775486 352.27429199
3.74195862 4.59820175 351.61563110
2.91874695 4.60965252 352.24798584
-0.37705994 70.51262665 361.21527100
-0.24688721 69.89929199 361.92785645
-0.35804749 69.23922729 362.01809692
0.03295898 68.84647369 361.64440918
1.71084595 68.99607086 360.02008057
0.61373901 68.31737518 361.87133789
0.86741638 67.80981445 361.60772705
1.67041016 67.74398041 360.02383423
1.51216125 67.43694305 360.95281982
1.14913940 66.75145721 361.32284546
2.18429565 66.72114563 359.48834229
1.40425110 66.24132538 361.05758667
1.84231567 66.01645660 359.82702637
1.43177795 65.69072723 361.03726196
1.58781433 65.24118805 360.03128052
1.46002197 65.14009857 361.01626587
1.61613464 64.68944550 360.01022339
2.01345825 64.28670502 359.63067627
1.90058899 63.62332153 359.72177124
1.47183228 62.99670410 360.19470215
1.72879028 62.48174286 359.92669678
1.75654602 61.92946625 359.90640259
1.78500366 61.37713623 359.88540649
2.27058411 60.89484787 359.37011719
2.29843140 60.34127426 359.34979248
2.45639038 59.87950897 358.33627319
1.95610046 59.64538574 359.68884277
2.48501587 59.32479095 358.31527710
2.81401062 59.30109406 358.81182861
2.51359558 58.77008438 358.29421997
2.61268616 58.71318817 359.03955078
2.54228210 58.21517563 358.27328491
2.24189758 57.99750519 359.40097046
2.24234009 57.28282928 359.33554077
2.59963989 57.10514832 358.23132324
2.52870178 56.40539932 358.25552368
2.67124939 56.31273270 358.93264771
2.55722046 55.65179062 359.02423096
2.48706055 55.15119934 358.25802612
2.58514404 55.09722900 359.00399780
2.74510193 54.62546158 357.98736572
2.61381531 54.54270935 358.98300171
2.64253235 53.98808670 358.96209717
2.44203186 53.40513611 359.18960571
2.92915344 52.90610123 358.67166138
2.95858765 52.35073853 358.64999390
2.82226563 51.71060562 358.77606201
2.12863159 50.87718201 359.44277954
2.97834778 50.58918762 358.61682129
3.13623047 49.50432587 357.59082031
3.16024780 48.34327698 357.56393433
2.66197205 47.64613724 358.07406616
2.69161987 47.09027100 358.05249023
2.72048950 46.53435898 358.03164673
2.75015259 45.97830200 358.01013184
2.60644531 45.30202103 358.12475586
2.37702942 44.56645203 358.30630493
2.70263672 44.12375641 358.00607300
2.65579224 41.84860992 357.20214844
2.54533386 39.60530472 357.36822510
2.60469055 38.96603775 356.38980103
2.28634644 38.85578537 357.57302856
2.46592712 37.27975464 356.57736206
2.39376831 36.58596039 356.59954834
2.72082520 36.13188553 356.29693604
2.75077820 35.57393646 356.27560425
2.71205139 34.92501450 356.28344727
0.79362488 34.44557190 359.06378174
2.51286316 34.35647583 356.51489258
0.93087769 33.68462753 359.67913818
0.86253357 32.82397842 358.17346191
3.12394714 33.22502518 356.72137451
1.75811768 32.57113647 359.64050293
1.24356079 32.03470993 359.36978149
0.73728943 31.66618538 358.31192017
0.95491028 31.50709724 358.85137939
4.08049011 31.69121361 353.11428833
1.28096008 31.06446648 357.68838501
3.59982300 30.98769188 354.47744751
2.25779724 30.73420525 356.72692871
2.42173767 30.21612930 355.70071411
2.51625061 30.18368912 356.45330811
2.45181274 29.65787697 355.67950439
2.31784058 29.61979103 356.68441772
2.85552979 29.19610786 355.29156494
2.80412292 29.07364464 356.15911865
1.55340576 28.74926186 358.25009155
2.96948242 28.55126190 355.12976074
2.83425903 28.51509094 356.13784790
1.58258057 28.19424057 358.22955322
2.99969482 27.99170876 355.10845947
2.63583374 27.95200157 356.36901855
2.13476563 27.73611641 357.68029785
3.03050232 27.43201447 355.08648682
1.77613831 27.11741829 357.18859863
3.29013062 26.87581635 354.81072998
1.80615234 26.56126213 357.16741943
3.13017273 26.37364006 353.27420044
2.56420898 26.21833801 355.58035278
2.70208740 25.80685234 353.76513672
1.77355957 25.47669983 356.37393188
2.96241760 25.24848175 353.48712158
2.82789612 25.21822166 354.50054932
2.59063721 25.05685425 355.55172729
3.22285461 24.68890953 353.20910645
2.98359680 24.52799225 354.26669312
2.58609009 24.45417404 355.54489136
3.13851929 23.83690643 354.03341675
2.31803894 23.80694771 355.80636597
2.34825134 23.24869156 355.78515625
3.30511475 22.84622192 353.94656372
2.83525085 22.68979263 355.25674438
3.23098755 22.15406418 353.96829224
3.09486389 22.12950516 354.98065186
3.12518311 21.56935310 354.95944214
3.15548706 21.00919533 354.93832397
3.41531372 20.44661522 354.66213989
3.04940796 19.82539177 355.04437256
3.14236450 19.19899559 354.91671753
3.41493225 18.78598213 353.83975220
3.50643921 18.76376724 354.59857178
3.44543457 18.22433472 353.81854248
3.39030457 18.11824989 354.69076538
2.80778503 17.41532898 354.39367676
2.83818054 16.85507393 354.37252808
3.24398804 16.37196159 353.98217773
2.89965820 15.73422909 354.32952881
2.93011475 15.17368412 354.30841064
3.47430420 14.69869709 352.90097046
3.41857910 14.59759235 353.77578735
3.35847473 14.05388546 352.99346924
3.15977478 13.50029469 353.22933960
3.41966248 12.92908955 352.95123291
3.68087769 12.35679436 352.67166138
3.21716309 11.65881920 353.11318970
3.07136536 11.00034904 353.22866821
3.45236206 10.69365597 352.10345459
2.87350464 10.45021057 353.46411133
3.18920898 9.97081661 352.31060791
2.90406799 9.88895607 353.44311523
3.07331848 9.32870388 352.40322876
2.70605469 9.34031963 353.67858887
3.10395813 8.76617718 352.38220215
2.73664856 8.77940750 353.65759277
2.90647888 8.21732426 352.61822510
2.93713379 7.65523815 352.59719849
2.79216003 6.99979019 352.71218872
3.01647949 5.21294689 352.44561768
2.87953186 4.59741020 352.57449341
1.51092529 44.42293549 359.41210938
1.51118469 43.83634949 359.29882813
1.50840759 43.48088455 358.17520142
1.64234924 33.01368713 360.31109619
2.21469116 33.60517883 357.40316772
1.66064453 32.46776581 360.27404785
2.23321533 33.05437088 357.36584473
1.71382141 32.35057068 358.63168335
2.23280334 32.51178741 356.99667358
1.65626526 31.68420601 358.03359985
2.19435120 31.88427544 356.47174072
0.52163696 31.16080284 357.75689697
1.74322510 30.76134682 357.82751465
1.71180725 30.03506088 357.92190552
2.25027466 30.32412720 355.84735107
1.74990845 29.47960663 358.21566772
1.73455811 28.76957321 358.49511719
2.28767395 29.21726227 355.77340698
2.28062439 28.57563972 355.80221558
2.28643799 27.97805023 355.79843140
2.29222107 27.38049698 355.79562378
2.26557922 26.74202919 355.49133301
1.80354309 26.18887901 356.99963379
2.31242371 25.14775467 354.82394409
2.34063721 24.52548218 355.34234619
2.39346313 23.86544037 356.52340698
2.37785339 22.86168671 354.89440918
2.39566040 22.17883110 355.62982178
2.45239258 20.51672745 355.51928711
2.44981384 18.72102547 355.17239380
2.46876526 18.16627693 355.13586426
2.48774719 17.61148643 355.09826660
2.48715210 17.05074692 354.72406006
2.50617981 16.49519730 354.68746948
2.50564575 15.93276882 354.31311035
2.50506592 15.36913967 353.93875122
2.54374695 14.82033634 354.23889160
2.52182007 14.13725471 354.30352783
2.52127075 13.57214355 353.92709351
2.54208374 13.12268734 353.11132813
2.53952026 12.44832325 353.51483154
2.55703735 11.78614235 354.25643921
2.57609558 11.22995186 354.21881104
2.53543091 10.63827705 353.16607666
2.55459595 10.08039284 353.12835693
2.59379578 9.53517246 353.43072510
2.59295654 8.96425247 353.05392456
2.61215210 8.40612888 353.01617432
2.60925293 7.73793030 353.42205811
2.61061096 7.25983334 352.26123047
2.62770081 6.60742378 353.00643921
2.60429382 5.92532253 353.07214355
2.62345886 5.36725044 353.03543091
2.66291809 4.82629395 353.33807373
3.07632446 77.69115448 361.21032715
3.07527161 77.14954376 361.17239380
2.58128357 76.69367981 360.70175171
2.28741455 68.42893219 361.61752319
3.44531250 54.19449234 359.63952637
3.27810669 47.93587112 359.16793823
3.32440186 47.25251770 359.22024536
3.07466125 46.17520905 358.92410278
2.82444763 45.64313889 358.66616821
3.56021118 45.62821198 358.55233765
2.57492065 45.10990906 358.40893555
2.57324219 44.56182098 358.36837769
3.30937195 44.54782486 358.25421143
2.57160950 44.01362991 358.32781982
3.30769348 44.00013733 358.21365356
3.30674744 43.45220184 358.17373657
3.30514526 42.90431976 358.13317871
3.05456543 42.36811447 357.87396240
3.07754517 41.75180054 357.88125610
2.17160034 41.00209427 358.64520264
2.80235291 40.73215485 357.53454590
1.96946716 40.00141144 358.35516357
2.74989319 40.09602737 357.48458862
2.15466309 38.82434082 357.71484375
2.74537659 38.44709396 357.36206055
2.64193726 37.72360229 357.30300903
2.64047241 37.17362976 357.26211548
4.01950073 37.43838501 356.08575439
3.12966919 36.62231064 356.89208984
3.57380676 36.75490952 356.46847534
4.01872253 36.88766479 356.04556274
4.11697388 36.05876541 356.96258545
2.73205566 35.25685883 357.33255005
3.12747192 35.52172089 356.81094360
3.61921692 35.52046967 356.48352051
3.86627197 34.96498871 356.66207886
2.67948914 33.73904419 357.11273193
3.17059326 33.73764801 356.78454590
3.61563110 33.86870956 356.36135864
0.51286316 33.06568527 358.26962280
3.46557617 33.05153275 357.05908203
1.86636353 32.23555756 360.25811768
0.79357910 32.42470551 358.50863647
3.46415710 32.50165176 357.01815796
4.09312439 32.77916718 353.64636230
0.50889587 31.96414375 358.18591309
3.21365356 31.95387077 356.75820923
4.19175720 31.95632362 354.57479858
4.59252930 32.22005081 354.05337524
0.75732422 31.41137886 358.36035156
3.21224976 31.40329552 356.71716309
1.24642944 30.85914421 357.98889160
3.21092224 30.85252953 356.67611694
4.93685913 30.84691429 355.15917969
2.70971680 30.30331230 356.19561768
4.68693542 30.29634094 354.89700317
1.49325562 29.75740814 358.12261963
2.70838928 29.75145340 356.15444946
4.44020081 29.74584007 355.40087891
1.53955078 29.07678413 358.17797852
2.60572815 29.13382530 356.05252075
3.70104980 29.19808769 356.22872925
4.73547363 29.06368446 355.67974854
1.57490540 28.39292145 357.46920776
2.70660400 28.64728928 356.07272339
3.69973755 28.64692497 356.18762207
4.78117371 28.38215065 355.73706055
2.70533752 28.09513283 356.03146362
3.69911194 28.09571838 356.14715576
1.82162476 27.29247475 357.60314941
2.75137329 27.41271591 356.08840942
3.49481201 27.41259384 355.98333740
1.86122131 25.72654724 355.95776367
2.74766541 25.75594521 355.96459961
3.63945007 25.69431305 356.01898193
2.04852295 25.07225800 356.12686157
2.79290771 25.07417488 356.02096558
3.78660583 25.08004951 356.13708496
1.79527283 24.51498413 355.86474609
2.79170227 24.52181625 355.97964478
3.78533936 24.52869034 356.09588623
2.53955078 23.96442223 355.71792603
3.53511047 23.97233391 355.83508301
2.28659058 23.40596962 355.45544434
3.53388977 23.42027855 355.79382324
2.53713989 22.85832024 355.63516235
3.57943726 22.74003029 355.85140991
2.77935791 21.74262047 355.00769043
3.21684265 21.09854507 355.39968872
3.37200928 20.39601898 355.56567383
4.11642456 20.40188789 355.46426392
2.82176208 19.39937401 354.94186401
3.61466980 19.27908516 354.94052124
3.86386108 18.73553467 355.12048340
3.86335754 18.18264008 355.07983398
3.36137390 17.60798454 354.59576416
3.36022949 17.05403709 354.55432129
3.35977173 16.49984360 354.51354980
3.35864258 15.94559765 354.47201538
3.10705566 15.37845135 354.20910645
3.10592651 14.82360554 354.16754150
3.85560608 14.83458042 354.07110596
2.60078430 14.24072647 353.68041992
2.59968567 13.68468571 353.63876343
3.35157776 13.69670963 353.54302979
2.71386719 13.05024910 353.73925781
3.64810181 13.03115368 353.82583618
2.34550476 12.55678463 353.33264160
3.69232178 12.35163975 353.88482666
2.09078979 11.98390865 353.06677246
2.38999939 11.31864452 353.35119629
3.57720947 11.31912327 353.66140747
3.43850708 10.66960907 353.53851318
3.43812561 10.11402225 353.49758911
2.13319397 9.63009739 353.00177002
3.43771362 9.55833817 353.45663452
2.43232727 8.96771431 353.28649902
3.43733215 9.00265980 353.41574097
2.43199158 8.41086483 353.24542236
3.43698120 8.44686699 353.37478638
2.17718506 7.83411598 352.97952271
3.18406677 7.87125778 353.10980225
2.17691040 7.27660751 352.93838501
3.18373108 7.31481171 353.06881714
2.17587280 6.71908474 352.89651489
3.38842773 6.62402725 353.28369141
3.52502441 5.97886181 353.41351318
2.17529297 5.60373688 352.81430054
2.21958923 4.92416954 352.87460327
3.27223206 4.84487057 353.10836792
3.77601624 4.33463001 353.51394653
2.77226257 78.18565369 361.56109619
2.77931213 77.45303345 361.57504272
3.71972656 77.28041077 360.94485474
2.94175720 76.79436493 361.55609131
1.80711365 75.79129791 362.16867065
2.90386963 75.69657135 361.50186157
1.78866577 75.24079895 362.14151001
2.88548279 75.14756775 361.47470093
1.76918030 74.69031525 362.11425781
2.53181458 74.63210297 361.47256470
2.40274048 73.52357483 362.00814819
2.49392700 73.53251648 361.41799927
2.42459106 72.87903595 361.42138672
2.32923889 72.17369843 361.44009399
2.64604187 71.59256744 361.38735962
1.75860596 71.23995972 361.97586060
2.62657166 71.04267120 361.36013794
1.84436035 70.54420471 361.97427368
2.60714722 70.49270630 361.33276367
1.82489014 69.99312592 361.94689941
2.92399597 69.91316986 361.27996826
1.80644226 69.44203186 361.91934204
2.56922913 69.39232635 361.27780151
1.78694153 68.89075470 361.89184570
2.21545410 68.87025452 361.27557373
3.31558228 68.79299164 360.61132813
1.87272644 68.19568634 361.89083862
2.30123901 68.17569733 361.27471924
2.91923523 68.18479156 360.63449097
2.38706970 67.48132324 361.27389526
2.81652832 67.46155548 360.65921021
2.79811096 66.91126251 360.63165283
2.34909058 66.37965393 361.21881104
2.77862549 66.36077881 360.60409546
2.76016235 65.81020355 360.57647705
2.40531921 65.28457642 360.57385254
2.83781433 65.26629639 359.95996094
2.81936646 64.71542358 359.93228149
2.70378113 64.15764618 360.49340820
2.79991150 64.16435242 359.90454102
2.89489746 63.32292175 360.52105713
3.22116089 63.44788361 359.88027954
2.87544250 62.77214813 360.49337769
3.30703735 62.75578308 359.88040161
3.28855896 62.20528793 359.85266113
3.26908875 61.65472794 359.82489014
3.25064087 61.10403824 359.79705811
3.11433411 60.45322037 359.80676270
3.52871704 59.43158340 359.68893433
3.16600037 58.69951248 359.74090576
3.36595154 58.06936264 359.71493530
3.34748840 57.51838684 359.68698120
3.32801819 56.96732712 359.65899658
3.30952454 56.41614914 359.63092041
3.84637451 56.40933228 358.43331909
3.29003906 55.86479950 359.60284424
3.72575378 55.85338211 358.99160767
3.93328857 55.71945572 358.43502808
3.25210571 54.76187515 359.54653931
3.68882751 54.75133896 358.93539429
3.33900452 54.07210541 359.54800415
3.77471924 54.06197357 358.93692017
3.87785339 54.06663132 358.35079956
3.42491150 53.38254929 359.54949951
3.86065674 53.37291718 358.93853760
3.96379089 53.37735748 358.35263062
3.07179260 52.84479904 359.54611206
3.84217834 52.82194519 358.91040039
3.05227661 52.29275131 359.51788330
3.82270813 52.27079773 358.88223267
4.13787842 51.70699692 358.82992554
3.22184753 51.05530548 358.90487671
3.97712708 50.34333801 358.85842896
3.42326355 49.34576416 358.81381226
3.14916992 48.70544052 359.40902710
3.92070007 48.68946457 358.77352905
3.12965393 48.15300369 359.38061523
3.90121460 48.13801956 358.74514771
3.88269043 47.58636093 358.71673584
3.52947998 47.04304123 358.71264648
3.17518616 46.49854660 358.70849609
3.94979858 46.48634338 358.07449341
2.82092285 45.95294189 358.70440674
3.93132019 45.93428421 358.04602051
2.39004517 45.38556290 361.02578735
3.13720703 45.39254761 358.65130615
3.24325562 45.39585495 358.06500244
2.70425415 44.82579803 360.97048950
3.51791382 44.74853134 358.04183960
3.41717529 44.02016068 358.07177734
2.09571838 43.73365021 360.37771606
1.80181885 43.09943390 359.81634521
2.28334045 43.18564224 359.17294312
3.08493042 43.00643921 358.00918579
3.82107544 42.91233826 357.40560913
1.46733093 42.37539673 359.28433228
3.36062622 42.36071396 357.98587036
3.80256653 42.35949326 357.37695313
2.11997986 41.94918060 358.58471680
3.34109497 41.80738068 357.95715332
3.78401184 41.80653000 357.34829712
2.54281616 41.25728989 358.56347656
3.32156372 41.25384903 357.92840576
3.76451111 41.25360489 357.31961060
2.52323914 40.70276260 358.53463745
3.30303955 40.70030594 357.89962769
3.74598694 40.70045471 357.29083252
1.83193970 40.15222168 358.55517578
2.61174011 40.15070343 357.91897583
3.72746277 40.14720535 357.26205444
2.25631714 39.59745789 357.91418457
4.36499023 39.32965088 356.69204712
2.34429932 38.90924835 357.91854858
4.67938232 38.77624893 356.64050293
3.21315002 38.22303009 357.28887939
3.99305725 38.22473526 356.65759277
3.19360352 37.66881180 357.26004028
3.97450256 37.67139435 356.62878418
3.17501831 37.11436081 357.23114014
4.35929871 37.03123093 356.59942627
3.15548706 36.55993652 357.20220947
3.60250854 36.56328583 356.59405518
3.13694763 36.00529861 357.17321777
3.58398438 36.00914001 356.56512451
3.55891418 35.32193756 357.15447998
4.33993530 35.32848358 356.52420044
3.98091125 34.63998032 357.13577271
4.42703247 34.64477921 356.52920532
4.29638672 34.08988953 357.08312988
1.15460205 33.76322556 358.35192871
3.60884094 33.52894211 357.10162354
1.13397217 33.20563507 358.32266235
4.25733948 32.98374557 357.02523804
1.11338806 32.64794159 358.29339600
3.90476990 32.42545319 357.01974487
1.09375000 32.09023666 358.26400757
3.55122375 31.86607170 357.01434326
4.02105713 32.00465393 354.06320190
3.64472961 31.31320763 356.40148926
4.76573181 31.20100212 354.64434814
4.77923584 31.33195305 354.02774048
3.29113770 30.75204659 356.39544678
4.37385559 30.68449593 355.19992065
4.64356995 30.77652550 354.58016968
1.25669861 30.35488892 358.18035889
3.27255249 30.19681740 356.36624146
5.27024841 29.97633171 355.73956299
1.56851196 29.60679436 358.19030762
2.58081055 29.62639236 356.38354492
3.70417786 29.65060806 355.73052979
1.88594055 29.05753899 358.13580322
2.56123352 29.06997871 356.35424805
3.98008728 29.01528358 355.70989990
4.68312073 28.85637856 355.14511108
3.88027954 28.28377533 355.74282837
3.99641418 28.28512192 355.16033936
4.78268433 28.30409431 354.53497314
2.29591370 27.95393181 357.46606445
2.18595886 27.94765282 356.31884766
1.60108948 27.37799072 357.48550415
1.59332275 27.11287689 356.99450684
2.94917297 27.28144264 356.27838135
3.84219360 27.17422485 355.68444824
4.19644165 27.17819977 353.93820190
1.57369995 26.55486870 356.96508789
2.59248352 26.71524620 356.27227783
3.48846436 26.60898018 355.67800903
3.43414307 26.68805885 353.92709351
2.57389832 26.15842056 356.24282837
3.46990967 26.05344772 355.64871216
3.48803711 26.04634094 353.92221069
2.27096558 25.52638054 356.25485229
3.45129395 25.49781990 355.61941528
3.35034180 25.48891640 354.47573853
2.30517578 24.90533447 356.24337769
3.43173218 24.94211197 355.59005737
3.66889954 24.94451141 354.42486572
2.62376404 24.36041260 356.19036865
3.59667969 24.30599785 355.57714844
3.86744690 24.39986229 354.95578003
3.03977966 23.26103783 355.52450562
4.71205139 23.06339455 354.92547607
3.18173218 22.51499176 355.54986572
4.35926819 22.49514961 354.91842651
3.21598816 21.89563560 355.53872681
3.53359985 21.35441208 355.48626709
3.98794556 21.37047768 354.88192749
3.17774963 20.78280640 355.47979736
3.96939087 20.81504822 354.85250854
2.82293701 20.21008682 355.47317505
4.28605652 20.27561760 354.80090332
2.80432129 19.65296364 355.44357300
3.93220520 19.70379639 354.79370117
3.12298584 19.11292267 355.39102173
3.22346497 18.55687714 354.77920532
3.42515564 17.90783501 354.77062988
4.21202087 17.78887177 354.19927979
3.40071106 17.19479370 354.79510498
3.85809326 17.21436501 354.19174194
3.83953857 16.65823555 354.16229248
3.82192993 16.10199165 354.13281250
3.80335999 15.54567146 354.10330200
3.44839478 14.96818066 354.09570313
3.43077087 14.41114140 354.06613159
3.41218567 13.85411835 354.03649902
3.05717468 13.27433777 354.02871704
4.03871155 13.24617958 353.42346191
2.68348694 12.13513947 353.99127197
3.14598083 12.15949059 353.38830566
3.45799255 11.46975040 353.39251709
3.99723816 10.84967995 353.36404419
2.87811279 9.73983383 353.34307861
2.93199158 9.10044861 353.33972168
3.73406982 9.15399551 352.71722412
3.25187683 8.56903172 353.28842163
3.71644592 8.59664440 352.68762207
2.89572144 7.98359299 353.28030396
3.69981384 8.03920364 352.65802002
2.87809753 7.42503452 353.25057983
3.68222046 7.48171234 352.62838745
2.86044312 6.86641979 353.22079468
3.77143860 6.80423737 352.63861084
2.16476440 6.24964046 353.23406982
2.82514954 5.74897766 353.16125488
2.91438293 5.07079220 353.17141724
3.71858215 5.13178635 352.54968262
3.00358582 4.39295673 353.18167114
3.80781555 4.45506763 352.56002808
3.55296326 77.34848022 360.97283936
3.30110168 76.81954193 361.22726440
1.92216492 71.33971405 362.46624756
1.56321716 71.34329224 361.97271729
3.12738037 70.33905029 360.26736450
2.69372559 69.75418091 360.75592041
1.90509033 68.77234650 361.55929565
2.32745361 68.00345612 361.11184692
2.98387146 67.26866913 360.37377930
2.96195984 66.70737457 360.36489868
2.93931580 66.14588928 360.35665894
3.03773499 64.92081451 360.21429443
3.53022766 64.13777161 359.69427490
3.27929688 63.59555054 359.94686890
3.71318054 62.99904633 359.41693115
3.69046021 62.43875885 359.40863037
3.66841125 61.87846756 359.39956665
3.64624023 61.31798172 359.39044189
3.57299805 59.93050766 359.52243042
3.55018616 59.36962891 359.51403809
3.52735901 58.80864334 359.50564575
3.50448608 58.24746323 359.49722290
3.48161316 57.68628311 359.48876953
3.36045837 57.67411423 358.73391724
3.56028748 56.98550797 359.42407227
3.43919373 56.97383118 358.66931152
4.32106018 56.25069427 358.57821655
4.29817200 55.69110870 358.56976318
3.82054138 55.15212250 359.08206177
3.79756165 54.59123993 359.07354736
3.77458191 54.03026199 359.06497192
3.75085449 53.46918869 359.05709839
3.72782898 52.90791321 359.04846191
4.03486633 52.20147705 358.72296143
4.11323547 51.50368881 358.65933228
4.09017944 50.94311142 358.65072632
3.61196899 50.39431381 359.16387939
3.58885193 49.83243942 359.15521240
3.92491150 49.81534576 357.87921143
3.87867737 48.69420624 357.86175537
3.68876648 47.95773697 358.12673950
3.70182800 47.31236267 359.01031494
4.03715515 47.30197906 357.73489380
3.90568542 46.74776459 358.74078369
4.27908325 45.99993515 357.47192383
2.37577820 45.34198380 361.16140747
2.35163879 44.77592087 361.15313721
2.23205566 44.77383041 360.39135742
2.20037842 44.10025787 360.44384766
2.62335205 43.37351608 359.99963379
3.34912109 41.68710327 358.16680908
3.66880798 41.42353821 357.04217529
3.64547729 40.86217117 357.03326416
4.03248596 39.47903442 356.64987183
4.23487854 38.92302704 356.38314819
4.21151733 38.36276245 356.37417603
4.21029663 36.59434509 356.31192017
3.86853027 35.55190277 356.58691406
3.94960022 34.86043549 356.52456665
3.30432129 33.01636505 357.22125244
3.64627075 33.04373932 355.94659424
1.93225098 32.78261948 359.44421387
3.28074646 32.45340347 357.21212769
3.62275696 32.48228455 355.93750000
3.25643921 31.89025307 357.20364380
3.59918213 31.92072105 355.92840576
4.92977905 31.59997368 353.73623657
5.23924255 31.04504204 354.22302246
4.80851746 30.50888443 354.65646362
3.47679138 30.12516212 356.01373291
3.94137573 29.43079185 355.52890015
2.34658813 29.16005135 357.99456787
4.14366150 28.88359642 355.26199341
3.15057373 28.44008827 356.26815796
4.34338379 28.22149849 354.18948364
2.73727417 27.67194939 356.79486084
3.31150818 27.72881317 355.25885010
3.16851807 27.13910675 356.26617432
3.51419067 27.18230057 354.99234009
3.18342590 27.06467628 353.68432617
3.37199402 26.59200859 355.99758911
3.26417542 26.60470581 355.24041748
3.16058350 26.50371361 353.67449951
3.34825134 26.02935982 355.98828125
3.46818542 26.05908966 354.97238159
2.80517578 26.05249596 353.97222900
3.32449341 25.46650887 355.97897339
3.44447327 25.49733734 354.96310425
3.21903992 25.36778450 354.41119385
2.88781738 25.36437798 353.91143799
3.63208008 24.68358040 354.85076904
3.30154419 24.68007088 354.35025024
3.94125366 24.12561607 355.34008789
3.60910034 24.12202263 354.84082031
3.73046875 24.15517998 353.82769775
3.69174194 23.54520416 355.58868408
3.81094360 23.57921791 354.57482910
3.66796875 22.98295403 355.57934570
4.08309937 22.95424652 354.27484131
3.64418030 22.42060471 355.56997681
3.86975098 22.33215141 354.50463867
3.39387512 21.83779907 355.81921387
3.82301331 21.31666946 355.29257202
3.49177551 21.31296158 354.79278564
3.34686279 20.71160126 355.79965210
3.95660400 20.63635063 354.31097412
3.88272095 19.96297264 354.41458130
3.63285828 19.37896919 354.66281128
3.60975647 18.81701851 354.65274048
3.58593750 18.25497055 354.64334106
3.56278992 17.69281960 354.63320923
3.68678284 17.73745537 353.61843872
3.51637268 16.56832695 354.61285400
3.49244690 16.00598145 354.60336304
3.65420532 15.89692211 353.63116455
3.58068848 15.22222996 353.73510742
3.33116150 14.63353443 353.98233032
3.30799866 14.07128429 353.97219849
3.43481445 14.12256241 352.95733643
3.28414917 13.50903893 353.96276855
3.63725281 13.58934212 352.69192505
3.42793274 12.90055656 353.79876709
3.72105408 12.90788364 352.63220215
3.80488586 12.22672462 352.57257080
3.19194031 11.25904369 353.92123413
3.36671448 11.12022209 352.96072388
3.51023865 10.51403046 352.79785156
3.48710632 9.95277882 352.78771973
3.46394348 9.39138889 352.77758789
3.44078064 8.82994080 352.76742554
3.19213867 8.23550320 353.01275635
2.94291687 7.63979816 353.25888062
3.14642334 7.11118507 352.99166870
3.23088074 6.43081284 352.93261719
3.32238770 6.44522762 351.98718262
3.54133606 5.78600025 352.61721802
3.44610596 5.81717491 351.85974121
2.95761108 5.27081585 353.16912842
3.42369080 5.25626087 351.84890747
3.04302979 4.59039021 353.10968018
3.40124512 4.69527817 351.83807373
2.04863000 44.88650131 359.63198853
2.12454009 33.88550186 359.53201294
2.17727995 33.16859818 359.77899170
3.87703991 32.49190140 356.72198486
3.26213002 32.48619843 356.25000000
3.86834002 31.92230034 356.73001099
3.27656007 31.80060005 355.79199219
3.29114008 31.11630058 355.33499146
5.02190018 30.62849998 355.00500488
3.26325011 30.56220055 354.99301147
4.50176001 29.98800087 356.29098511
3.25458002 29.99489975 355.00000000
4.49436998 29.32069969 355.48400879
3.26517010 29.41290092 355.35699463
3.25635004 28.84499931 355.36300659
3.83200002 27.72640038 355.50000000
3.84306002 27.14139938 355.85800171
3.21920991 26.97120094 353.41799927
3.85604000 26.49379921 355.67199707
3.24694991 26.41690063 354.52301025
3.91111994 25.75049973 355.64300537
3.25955009 25.78660011 354.47399902
3.88209009 25.20039940 355.30099487
3.25075006 25.21960068 354.48098755
3.89338994 24.61310005 355.65798950
3.24182010 24.65239906 354.48699951
3.86431003 24.06389999 355.31600952
3.23727012 23.99930000 353.68701172
3.85740995 23.43899918 354.78201294
3.26884007 23.36459923 354.11801147
3.28239012 22.72150040 353.93399048
3.85762000 22.33709908 355.68798828
3.91553998 21.54059982 355.11700439
3.86597991 21.01720047 354.42800903
3.85699010 20.44980049 354.43499756
3.86820006 19.85890007 354.79000854
3.81868005 19.33889961 354.10101318
3.85679007 18.65870094 354.22698975
3.88814998 17.95929909 353.88900757
3.87912011 17.39249992 353.89599609
3.87005997 16.82550049 353.90399170
3.84065008 16.28529930 353.56399536
3.85870004 15.63259983 353.34298706
3.29204988 15.51259995 352.52600098
3.89038992 14.93780041 353.00601196
3.90184999 14.34360027 353.35900879
3.27406001 14.38230038 352.54000854
3.89276004 13.77719975 353.36599731
3.26502991 13.81700039 352.54598999
3.90433002 13.18109989 353.72000122
3.25598001 13.25160027 352.55300903
3.87451005 12.64420033 353.38000488
3.26689005 12.65600014 352.90499878
3.85617995 11.51089954 353.39401245
3.24869990 11.52379990 352.91900635
3.84699011 10.94419956 353.40100098
3.28156996 10.83349991 352.58401489
3.30048990 10.18550014 352.36199951
3.27121997 9.65297031 352.02398682
3.28230000 9.05459023 352.37600708
3.29330993 8.45510006 352.72698975
3.28416991 7.88893986 352.73300171
3.31561995 7.25244999 353.43301392
3.28617001 6.72071981 353.09298706
3.30240011 6.07281017 352.64001465
3.31862998 5.42630005 352.19000244
3.28905010 4.89805984 351.85198975
