0.68316650 48.44520569 348.38073730
1.59432983 43.99008179 348.37167358
1.55731201 43.30010605 348.27752686
1.56930542 42.74343872 348.28686523
2.60005188 41.66505051 348.40417480
2.59503174 40.57245636 347.63986206
2.36599731 40.54682541 348.20367432
2.10743713 35.82317352 347.85494995
2.60154724 34.57260513 348.20986938
3.19441223 33.57634354 348.77697754
2.44897461 32.85639572 348.05853271
2.34289551 32.21384048 347.92556763
2.61366272 31.64983177 348.15487671
4.63444519 31.30457497 350.49295044
2.62692261 31.09079170 348.16589355
3.64959717 30.54787254 348.27456665
2.89846802 30.52508926 348.39593506
2.65077209 29.97261238 348.18612671
3.67495728 29.42743111 348.29629517
3.42683411 28.87534142 348.08697510
3.39033508 28.18848610 347.99084473
2.83483887 27.52095032 347.45733643
4.20211792 27.02536964 344.79141235
3.49824524 26.46317482 348.06060791
3.39135742 25.82252502 347.92694092
3.40432739 25.26256180 347.93823242
3.97695923 24.63285637 345.28829956
3.41654968 24.70238495 347.94888306
4.24974060 24.06318855 345.51580811
3.16885376 24.15479851 347.74050903
4.26246643 23.50552368 345.52728271
3.03846741 23.50052071 347.57815552
4.27519226 22.94765472 345.53872681
3.09710693 22.78612900 347.54821777
4.58050537 22.31711578 346.54055786
4.07139587 21.78689766 346.11743164
3.38241577 21.65209198 347.78894043
4.08409119 21.22823143 346.12896729
3.39454651 21.09181404 347.79962158
3.40664673 20.53143311 347.81033325
3.15785217 19.98742485 347.60159302
2.66580200 19.95722580 347.93835449
3.20010376 19.36330986 348.38919067
4.30766296 18.83447838 347.02209473
3.17399597 18.70378685 348.31341553
3.36018372 18.04401588 347.63842773
2.60739136 18.03180504 347.75543213
4.13810730 16.93448448 347.54183960
3.38513184 16.92317200 347.66052246
4.15092468 16.37342644 347.55325317
3.39717102 16.36258888 347.67126465
3.40928650 15.80200291 347.68203735
4.17567444 15.25107861 347.57562256
3.42131042 15.24122715 347.69287109
4.45021057 14.66845036 347.80590820
3.43334961 14.68044567 347.70367432
4.46218872 14.10647106 347.81683350
3.44535828 14.11956024 347.71450806
4.47496033 13.54449844 347.82839966
4.48695374 12.98241997 347.83920288
3.46934509 12.99748802 347.73623657
4.76223755 12.39681244 348.07022095
3.43476868 12.31628513 347.63940430
3.13941956 11.65936089 347.32418823
3.15136719 11.09897804 347.33499146
4.56021118 10.56539726 347.81246948
3.42417908 10.51351070 347.56430054
4.45367432 9.93194866 347.67846680
3.43618774 9.95252514 347.57519531
4.46553040 9.36975956 347.68936157
3.15655518 9.33844662 347.29598999
4.47817993 8.80756855 347.70108032
3.72096252 8.80357552 347.81536865
4.49012756 8.24522972 347.71206665
4.19284058 7.59249401 347.39575195
3.12902832 7.49929714 347.18298340
3.89636230 6.94117641 347.08010864
3.14091492 6.93881702 347.19390869
3.90827942 6.38009930 347.09112549
3.15290833 6.37826824 347.20486450
4.18246460 5.78955460 347.32046509
2.90446472 5.84694386 346.99819946
4.05326843 5.06960297 347.11358643
3.17669678 5.25696278 347.22674561
1.37274170 56.76705170 352.85058594
2.55316162 48.76397705 350.91827393
2.58129883 48.20191574 350.91610718
3.40724182 47.70419312 350.27371216
2.95571899 47.65670776 350.89102173
2.87341309 46.84701920 350.21527100
2.63772583 47.07754898 350.91192627
3.24784851 46.30034256 350.18933105
2.66589355 46.51517105 350.90979004
2.10984802 45.95264435 350.36145020
2.88096619 45.31623459 350.27105713
2.98727417 44.59675217 350.20693970
3.01649475 44.03402328 350.20486450
3.04470825 43.47103882 350.20285034
2.21704102 43.01245117 347.33651733
3.42028809 42.92049026 350.17691040
2.57275391 42.25918198 347.83120728
2.16886902 42.12968826 348.41461182
3.10215759 42.34481812 350.19894409
2.64572144 41.61088562 347.79418945
2.19804382 41.56852722 348.41281128
2.78392029 41.77003860 350.22100830
2.67489624 41.04923630 347.79244995
2.22718811 41.00728989 348.41098022
2.81217957 41.20726776 350.21917725
3.04846191 40.49766541 347.76437378
2.25634766 40.44594955 348.40924072
3.07928467 40.51866531 350.15249634
4.37687683 40.54983521 353.04879761
3.56361389 40.49764252 353.68487549
2.28448486 39.88456345 348.40747070
2.76184082 39.84126282 349.54156494
2.65357971 39.80984879 350.13400269
4.40423584 39.98341370 353.04678345
3.59091187 39.93223572 353.68276978
2.31364441 39.32300568 348.40579224
2.44557190 39.26945114 349.56448364
4.43257141 39.41683578 353.04467773
3.61822510 39.36672592 353.68075562
2.34283447 38.76137161 348.40408325
2.47473145 38.70719528 349.56271362
4.57225037 38.88180542 352.44833374
4.10943604 38.84141159 353.06427002
3.42077637 38.63327408 354.22851563
2.37202454 38.19962311 348.40243530
2.50299072 38.14480972 349.56097412
4.60063171 38.31513596 352.44635010
3.71609497 38.17665863 353.05554199
2.87307739 37.38415909 348.26763916
2.76675415 37.35254669 348.86007690
2.87670898 37.58990097 349.53454590
2.90209961 37.41515732 353.04000854
2.79600525 36.78990936 348.85830688
2.90496826 37.02672577 349.53280640
3.96343994 36.95979309 351.21542358
3.96073914 37.06330490 351.85101318
3.58023071 36.98197174 352.44503784
2.92933655 36.85073853 353.03802490
2.93414307 36.46358109 349.53118896
3.99179077 36.39440155 351.21359253
3.87954712 36.36254883 351.80700684
3.41960144 36.32448959 352.42230225
3.49421692 35.79323578 348.25494385
2.85447693 35.66441345 348.85488892
2.85478210 35.76638412 349.48818970
4.02009583 35.82883453 351.21173096
3.90786743 35.79707718 351.80511475
2.64395142 35.61344528 352.42230225
3.33657837 35.13861847 348.23464966
2.88368225 35.10147095 348.85324097
2.77534485 35.06958389 349.44519043
3.16973877 35.13137817 351.82061768
3.36582947 34.57506180 348.23306274
2.91288757 34.53841019 348.85165405
4.07781982 34.69751740 351.20809937
3.96452332 34.66560745 351.80145264
3.39512634 34.01142120 348.23147583
2.94213867 33.97528458 348.85000610
2.83280945 33.94336319 349.44186401
3.99644470 33.99786758 351.16381836
3.42434692 33.44767761 348.22988892
2.97138977 33.41204071 348.84844971
4.61160278 33.30572128 351.07180786
3.10887146 32.88066101 348.25469971
3.36122131 32.75885391 350.57308960
2.44770813 32.31196213 348.30578613
3.50175476 32.22641754 349.97915649
3.38957214 32.19426346 350.57147217
3.51213074 31.75583458 348.22549438
3.35435486 31.10341454 348.20507813
3.00845337 30.36358070 348.16571045
3.03775024 29.80013466 348.16424561
3.14492798 30.03035545 348.83959961
3.75959778 29.23633766 348.10925293
4.07652283 28.86706352 344.57696533
3.44308472 28.67238235 348.13467407
4.45361328 28.30204964 344.54559326
3.47238159 28.10823631 348.13330078
3.50166321 27.54388046 348.13195801
4.86105347 27.17062759 344.51327515
3.87785339 26.97718430 348.10375977
4.27662659 26.45363998 344.50491333
3.68156433 26.30951309 348.07922363
4.35820007 25.78462791 344.45880127
4.63119507 25.18325996 345.02124023
4.31666565 24.62242317 345.05007935
3.72616577 24.56332397 348.05816650
4.47286987 24.53996468 350.98367310
4.00103760 24.06244087 345.07901001
3.46076965 23.89835739 348.03909302
4.50129700 23.97278595 350.98217773
3.49006653 23.33380318 348.03787231
4.53068542 23.40563965 350.98059082
4.30232239 22.89459801 345.64010620
3.51936340 22.76915359 348.03668213
4.21537781 22.74816322 350.36776733
4.20901489 22.84452248 351.00357056
3.98669434 22.33601952 345.66857910
3.54864502 22.20440292 348.03546143
3.78776550 22.05974960 350.34735107
3.72225952 21.67355537 345.65124512
3.46905518 21.51192284 347.99102783
3.81608582 21.49376106 350.34594727
4.06634521 20.91114616 346.14440918
3.84443665 20.92767715 350.34454346
2.60025024 20.53445816 348.11312866
3.87380981 20.36162567 350.34317017
3.78184509 19.78989983 346.17144775
4.01541138 19.84162331 347.36886597
2.98585510 19.76742744 348.00662231
3.90219116 19.79533577 350.34185791
4.04707336 19.18253708 346.73309326
3.93684387 19.14939117 347.32449341
3.13418579 19.13539124 347.97033691
4.42459106 18.60721397 346.70330811
3.16349792 18.57103348 347.96920776
4.45394897 18.04125977 346.70230103
3.19277954 18.00668144 347.96810913
3.42210388 17.85344696 350.27416992
4.48428345 17.47524452 346.70132446
4.02581787 17.45306778 347.32128906
3.22206116 17.44213104 347.96704102
3.22138977 17.33205223 349.70895386
4.40243530 16.87579155 347.29208374
3.25134277 16.87757111 347.96603394
3.24974060 16.76686287 349.70770264
4.08552551 16.32169914 347.31927490
2.58909607 16.33720016 348.01980591
3.27905273 16.20170403 349.70648193
4.46215820 15.74322033 347.29013062
3.30899048 15.74812031 347.96401978
3.30737305 15.63642216 349.70523071
4.30308533 15.09786892 347.26922607
3.23030090 15.05849743 347.91909790
3.22770691 14.94597054 349.65939331
3.95549011 14.37461662 347.22848511
3.15155029 14.36917305 347.87411499
3.14695740 14.25578690 349.61343384
3.18078613 13.80461693 347.87310791
3.17631531 13.69073486 349.61221313
4.36262512 13.22832680 347.19805908
3.55453491 13.22492123 347.84439087
3.20462036 13.12554646 349.61102295
3.58387756 12.65966415 347.84344482
3.61318970 12.09430599 347.84252930
3.03416443 12.04409885 349.04699707
4.79916382 11.51249313 347.16671753
3.64253235 11.52885342 347.84155273
4.48107910 10.96254635 347.19436646
3.67192078 10.96339607 347.84060669
4.32188416 10.31978893 347.17333984
3.59210205 10.27493954 347.79495239
3.12928772 10.25946617 348.41107178
4.88836670 9.81095886 347.16412354
3.51330566 9.58692837 347.74932861
3.05047607 9.57195759 348.36517334
4.91778564 9.24358463 347.16323853
3.19610596 9.04049492 347.77648926
3.07879639 9.00720119 348.36425781
4.72109985 8.58603287 347.13796997
3.57202148 8.45626259 347.74746704
3.10812378 8.44236374 348.36325073
4.41076660 7.88438511 347.10046387
3.60035706 7.89076710 347.74655151
4.44017029 7.31777191 347.09967041
3.62968445 7.32523155 347.74563599
4.81813049 6.73004246 347.06985474
3.65896606 6.75962543 347.74481201
4.84753418 6.16273022 347.06909180
3.68838501 6.19394875 347.74392700
4.46185303 5.40883446 347.01177979
3.35098267 5.39641380 347.66424561
4.08068848 3.13390231 347.03244019
2.48829651 59.59545135 350.57519531
2.28697205 59.00082397 350.81195068
2.31652832 58.43958282 350.78967285
2.34684753 57.87838364 350.76663208
1.94042969 56.85511017 352.86004639
3.00032043 56.58954620 350.85110474
2.19958496 56.32645798 352.58163452
3.04034424 55.94059372 350.77349854
2.22911072 55.76671982 352.55935669
2.60755920 55.31898880 351.26913452
2.09309387 55.12014771 352.68933105
2.86898804 54.78666306 350.98715210
2.51789856 54.67580414 352.25866699
2.89869690 54.22461319 350.96484375
2.25039673 53.99116516 352.52453613
2.55250549 53.52907944 351.31964111
2.31042480 53.32525253 352.41345215
2.29345703 52.75786591 351.53259277
2.17434692 52.67958069 352.54336548
2.20390320 52.11973572 352.52117920
2.42184448 51.73175430 351.45526123
2.15328979 51.04938889 351.72311401
1.95436096 50.46375656 351.95736694
2.21330261 49.92794037 351.67810059
2.47358704 49.39101791 351.39736938
1.01884460 48.97438431 348.63473511
2.50335693 48.82945633 351.37527466
1.27790833 48.43555450 348.35128784
2.99494934 48.31382370 350.83486938
1.30926514 47.87310028 348.32788086
1.19674683 47.80375290 349.34436035
2.79357910 47.72849274 351.07232666
1.45632935 47.26409149 349.06130981
2.67828369 47.06462479 351.16790771
2.41836548 46.30018997 351.38052368
1.74662781 46.16043854 348.75546265
2.77453613 46.08664322 350.24746704
1.44694519 45.43666458 349.04013062
2.47172546 45.36243057 350.53189087
2.47865295 45.17683792 351.33569336
1.60421753 44.75368881 348.80432129
2.39964294 44.65953827 350.55627441
2.20028687 44.07809448 350.79306030
2.21627808 43.98939514 347.37951660
1.83264160 43.70751190 348.60339355
2.69090271 43.55318069 350.25115967
1.92655945 43.08326340 348.47393799
2.49095154 42.97199249 350.48880005
1.95733643 42.51958084 348.45126343
2.75236511 42.42689133 350.20565796
1.98886108 41.95594406 348.42788696
2.78245544 41.86344910 350.18368530
2.01976013 41.39204788 348.40524292
2.47280884 41.32519913 349.66299438
2.58242798 41.28354645 350.42144775
2.05137634 40.82811356 348.38195801
2.50355530 40.76171112 349.64035034
2.50996399 40.58195496 350.44537354
3.62205505 40.28462982 353.50625610
2.54261780 40.29513931 347.83435059
2.43731689 39.88063812 350.46936035
3.42050171 39.70789719 353.74130249
2.57354736 39.72995758 347.81170654
2.23815918 39.30330276 350.70666504
3.11807251 39.17205811 353.21948242
4.58502197 39.48164749 352.59820557
3.67732239 38.98286057 354.26516724
2.27122498 39.01209259 348.09841919
2.49282837 38.93262482 349.61914063
2.26885986 38.74090958 350.68402100
3.14797974 38.61071777 353.19750977
4.74346924 38.79329681 352.36318970
3.60273743 38.28380585 354.28878784
1.96949768 38.29576874 348.38452148
2.42030334 38.23110962 349.64309692
2.29962158 38.17851257 350.66143799
3.40824890 38.06249619 352.91867065
3.50941467 38.02348328 353.67593384
2.22151184 37.65445709 349.88092041
3.66931152 37.51324081 352.63900757
3.53866577 37.46177292 353.65469360
3.86915588 37.43603134 354.15548706
2.26150513 37.18025970 348.07662964
2.60209656 37.15465927 348.57608032
2.48268127 37.10387802 349.59710693
3.82858276 37.00100708 351.59857178
4.16267395 36.97528076 352.10006714
2.63377380 36.58981323 348.55279541
2.51356506 36.54008865 349.57458496
3.72862244 36.38748169 352.59579468
4.06086731 36.36169434 353.09686279
2.66482544 36.02492142 348.53018188
2.77415466 35.98765945 349.29147339
3.32186890 35.71360016 352.11828613
3.65492249 35.68775940 352.61874390
3.98622131 35.66183090 353.12039185
2.69581604 35.45992661 348.50759888
2.80511475 35.42315292 349.26885986
2.95805359 34.90537262 348.22174072
2.83616638 34.85856628 349.24627686
4.18173218 34.75507355 351.25018311
2.98979187 34.33964539 348.19845581
2.72123718 34.19984055 349.34133911
4.32730103 33.97910309 351.87844849
3.05209351 33.20785904 348.15341187
4.17016602 33.09503174 350.42144775
2.97894287 32.50625992 348.17678833
2.85609436 32.46369171 349.20211792
3.52886963 32.41152573 350.20397949
4.32472229 32.23175812 350.99310303
2.67469788 31.79731178 348.46380615
3.01306152 31.77119255 348.96389771
2.42932129 31.71487236 350.50802612
2.70652771 31.23206902 348.44058228
3.04414368 31.20590782 348.94134521
2.91964722 31.16563988 349.96520996
2.96800232 30.67326164 348.15509033
2.84498596 30.63389397 349.18057251
2.99923706 30.10726929 348.13262939
3.10641479 30.07492065 348.89630127
3.03109741 29.54113388 348.10943604
2.80258179 29.36999702 349.18124390
4.21551514 29.33305359 345.13085938
3.06234741 28.97494698 348.08691406
3.16937256 28.94369698 348.85058594
4.37004089 28.79879761 344.06735229
4.24775696 28.76262665 345.10763550
3.09426880 28.40870857 348.06375122
4.40306091 28.22722435 344.04342651
4.27992249 28.19209480 345.08441162
2.97856140 27.75203133 348.15963745
2.56082153 27.53777695 349.42129517
4.43540955 27.65549660 344.02017212
2.71585083 27.00606537 348.37377930
2.59201050 26.97327805 349.39892578
3.15650940 25.96621704 347.94662476
3.85278320 25.66864967 344.58300781
3.73101807 25.63813972 345.62020874
3.04067993 25.31053352 348.04241943
2.68545532 25.27930260 349.33163452
3.99548340 25.07003212 345.32986450
3.07194519 24.74414063 348.02001953
2.71664429 24.71451569 349.30920410
4.50820923 24.61019897 350.79681396
4.26066589 24.50077629 345.03875732
3.10392761 24.17770576 347.99682617
4.77174377 24.04449081 350.51284790
4.06079102 23.92972946 345.28286743
3.13523865 23.61112022 347.97451782
4.80216980 23.47784996 350.49090576
4.43428040 23.45184708 351.77798462
4.09312439 23.35949707 345.25973511
2.76895142 22.97963905 348.36917114
4.26136780 22.78092003 351.03637695
3.78627014 22.65792656 345.55041504
3.89199829 22.47434807 347.13616943
3.95384216 22.08553314 351.31988525
3.71110535 21.95650864 345.57461548
3.69236755 21.90751076 347.37805176
4.33097839 21.80573654 350.18231201
4.08241272 21.35994530 346.05490112
2.99645996 21.18828392 348.09646606
4.32691956 21.08115578 350.10906982
3.88262939 20.79294586 346.29812622
2.85115051 20.51849747 348.21554565
4.17950439 20.41122055 350.22756958
3.91491699 20.22371864 346.27505493
2.88249207 19.95231247 348.19320679
3.97863770 19.84863281 350.46722412
3.60778809 19.52769089 346.56445313
2.68417358 19.39006996 348.43395996
4.24053955 19.27872276 350.18402100
3.53276062 18.82883453 346.58755493
2.94596863 18.81978035 348.14785767
3.71098328 18.74380493 349.91912842
3.56430054 18.26034737 346.56527710
2.74766541 18.25844574 348.38870239
3.40483093 18.05385971 350.20303345
3.70077515 17.67016029 347.31088257
3.09867859 17.36531258 350.48696899
3.73301697 17.10203362 347.28778076
3.12985229 16.80082130 350.46463013
3.65725708 16.40477180 347.31039429
3.62089539 16.22234344 349.92022705
2.89019775 15.73014545 348.12643433
3.22230530 15.70309925 348.62884521
3.55287170 15.67604733 349.13238525
3.65214539 15.65655231 349.89779663
3.25373840 15.13671017 348.60650635
3.58419800 15.10966206 349.10995483
3.45175171 15.09866238 350.13830566
3.52095032 14.70854855 347.50839233
3.28507996 14.57022572 348.58416748
3.38497925 14.55161953 349.35021973
3.67689514 14.00380421 347.26550293
3.31652832 14.00363159 348.56188965
3.41561890 13.98557472 349.32858276
3.70846558 13.43561840 347.24316406
3.57881165 13.42754555 348.27572632
3.11026001 13.30207253 349.61242676
3.50903320 12.87736034 347.48590088
3.10649109 12.69441128 349.60433960
3.54125977 12.30952930 347.46292114
3.64100647 12.29291153 348.23181152
3.06535339 12.04441738 349.61254883
3.57284546 11.74154568 347.44061279
3.40567017 11.58027744 348.42068481
3.02915955 10.92883682 348.80252075
3.63600159 10.60546494 347.39611816
2.83044434 10.37509060 349.04357910
3.75033569 9.94474602 347.22640991
3.55212402 9.77086258 348.23120117
3.48364258 9.21738052 347.44097900
3.35353088 9.21704292 348.47238159
3.51593018 8.64955139 347.41799927
3.38427734 8.65020943 348.45074463
3.54751587 8.08159733 347.39575195
3.64598083 8.06884098 348.16506958
3.57913208 7.51357079 347.37356567
3.67747498 7.50137711 348.14282227
3.84172058 6.92985916 347.08578491
3.70906067 6.93385029 348.12051392
4.10505676 6.34498215 346.79721069
3.33525085 5.70157623 347.61593628
3.09529114 5.58390427 348.69201660
-3.39033508 3.76254010 356.28097534
9.73841858 5.01303101 344.44973755
-3.57357788 3.14455771 356.45251465
-3.82707214 2.07058120 355.91778564
2.48829651 59.59545135 350.57519531
2.28697205 59.00082397 350.81195068
2.31652832 58.43958282 350.78967285
2.34684753 57.87838364 350.76663208
1.94042969 56.85511017 352.86004639
3.00032043 56.58954620 350.85110474
2.19958496 56.32645798 352.58163452
3.04034424 55.94059372 350.77349854
2.22911072 55.76671982 352.55935669
2.60755920 55.31898880 351.26913452
2.09309387 55.12014771 352.68933105
2.86898804 54.78666306 350.98715210
2.51789856 54.67580414 352.25866699
2.89869690 54.22461319 350.96484375
2.25039673 53.99116516 352.52453613
2.55250549 53.52907944 351.31964111
2.31042480 53.32525253 352.41345215
2.29345703 52.75786591 351.53259277
2.17434692 52.67958069 352.54336548
2.20390320 52.11973572 352.52117920
2.42184448 51.73175430 351.45526123
2.15328979 51.04938889 351.72311401
1.95436096 50.46375656 351.95736694
2.21330261 49.92794037 351.67810059
2.47358704 49.39101791 351.39736938
1.01884460 48.97438431 348.63473511
2.50335693 48.82945633 351.37527466
1.27790833 48.43555450 348.35128784
2.99494934 48.31382370 350.83486938
1.30926514 47.87310028 348.32788086
1.19674683 47.80375290 349.34436035
2.79357910 47.72849274 351.07232666
1.45632935 47.26409149 349.06130981
2.67828369 47.06462479 351.16790771
2.41836548 46.30018997 351.38052368
1.74662781 46.16043854 348.75546265
2.77453613 46.08664322 350.24746704
1.44694519 45.43666458 349.04013062
2.47172546 45.36243057 350.53189087
2.47865295 45.17683792 351.33569336
1.60421753 44.75368881 348.80432129
2.39964294 44.65953827 350.55627441
2.20028687 44.07809448 350.79306030
2.21627808 43.98939514 347.37951660
1.83264160 43.70751190 348.60339355
2.69090271 43.55318069 350.25115967
1.92655945 43.08326340 348.47393799
2.49095154 42.97199249 350.48880005
1.95733643 42.51958084 348.45126343
2.75236511 42.42689133 350.20565796
1.98886108 41.95594406 348.42788696
2.78245544 41.86344910 350.18368530
2.01976013 41.39204788 348.40524292
2.47280884 41.32519913 349.66299438
2.58242798 41.28354645 350.42144775
2.05137634 40.82811356 348.38195801
2.50355530 40.76171112 349.64035034
2.50996399 40.58195496 350.44537354
3.62205505 40.28462982 353.50625610
2.54261780 40.29513931 347.83435059
2.43731689 39.88063812 350.46936035
3.42050171 39.70789719 353.74130249
2.57354736 39.72995758 347.81170654
2.23815918 39.30330276 350.70666504
3.11807251 39.17205811 353.21948242
4.58502197 39.48164749 352.59820557
3.67732239 38.98286057 354.26516724
2.27122498 39.01209259 348.09841919
2.49282837 38.93262482 349.61914063
2.26885986 38.74090958 350.68402100
3.14797974 38.61071777 353.19750977
4.74346924 38.79329681 352.36318970
3.60273743 38.28380585 354.28878784
1.96949768 38.29576874 348.38452148
2.42030334 38.23110962 349.64309692
2.29962158 38.17851257 350.66143799
3.40824890 38.06249619 352.91867065
3.50941467 38.02348328 353.67593384
2.22151184 37.65445709 349.88092041
3.66931152 37.51324081 352.63900757
3.53866577 37.46177292 353.65469360
3.86915588 37.43603134 354.15548706
2.26150513 37.18025970 348.07662964
2.60209656 37.15465927 348.57608032
2.48268127 37.10387802 349.59710693
3.82858276 37.00100708 351.59857178
4.16267395 36.97528076 352.10006714
2.63377380 36.58981323 348.55279541
2.51356506 36.54008865 349.57458496
3.72862244 36.38748169 352.59579468
4.06086731 36.36169434 353.09686279
2.66482544 36.02492142 348.53018188
2.77415466 35.98765945 349.29147339
3.32186890 35.71360016 352.11828613
3.65492249 35.68775940 352.61874390
3.98622131 35.66183090 353.12039185
2.69581604 35.45992661 348.50759888
2.80511475 35.42315292 349.26885986
2.95805359 34.90537262 348.22174072
2.83616638 34.85856628 349.24627686
4.18173218 34.75507355 351.25018311
2.98979187 34.33964539 348.19845581
2.72123718 34.19984055 349.34133911
4.32730103 33.97910309 351.87844849
3.05209351 33.20785904 348.15341187
4.17016602 33.09503174 350.42144775
2.97894287 32.50625992 348.17678833
2.85609436 32.46369171 349.20211792
3.52886963 32.41152573 350.20397949
4.32472229 32.23175812 350.99310303
2.67469788 31.79731178 348.46380615
3.01306152 31.77119255 348.96389771
2.42932129 31.71487236 350.50802612
2.70652771 31.23206902 348.44058228
3.04414368 31.20590782 348.94134521
2.91964722 31.16563988 349.96520996
2.96800232 30.67326164 348.15509033
2.84498596 30.63389397 349.18057251
2.99923706 30.10726929 348.13262939
3.10641479 30.07492065 348.89630127
3.03109741 29.54113388 348.10943604
2.80258179 29.36999702 349.18124390
4.21551514 29.33305359 345.13085938
3.06234741 28.97494698 348.08691406
3.16937256 28.94369698 348.85058594
4.37004089 28.79879761 344.06735229
4.24775696 28.76262665 345.10763550
3.09426880 28.40870857 348.06375122
4.40306091 28.22722435 344.04342651
4.27992249 28.19209480 345.08441162
2.97856140 27.75203133 348.15963745
2.56082153 27.53777695 349.42129517
4.43540955 27.65549660 344.02017212
2.71585083 27.00606537 348.37377930
2.59201050 26.97327805 349.39892578
3.15650940 25.96621704 347.94662476
3.85278320 25.66864967 344.58300781
3.73101807 25.63813972 345.62020874
3.04067993 25.31053352 348.04241943
2.68545532 25.27930260 349.33163452
3.99548340 25.07003212 345.32986450
3.07194519 24.74414063 348.02001953
2.71664429 24.71451569 349.30920410
4.50820923 24.61019897 350.79681396
4.26066589 24.50077629 345.03875732
3.10392761 24.17770576 347.99682617
4.77174377 24.04449081 350.51284790
4.06079102 23.92972946 345.28286743
3.13523865 23.61112022 347.97451782
4.80216980 23.47784996 350.49090576
4.43428040 23.45184708 351.77798462
4.09312439 23.35949707 345.25973511
2.76895142 22.97963905 348.36917114
4.26136780 22.78092003 351.03637695
3.78627014 22.65792656 345.55041504
3.89199829 22.47434807 347.13616943
3.95384216 22.08553314 351.31988525
3.71110535 21.95650864 345.57461548
3.69236755 21.90751076 347.37805176
4.33097839 21.80573654 350.18231201
4.08241272 21.35994530 346.05490112
2.99645996 21.18828392 348.09646606
4.32691956 21.08115578 350.10906982
3.88262939 20.79294586 346.29812622
2.85115051 20.51849747 348.21554565
4.17950439 20.41122055 350.22756958
3.91491699 20.22371864 346.27505493
2.88249207 19.95231247 348.19320679
3.97863770 19.84863281 350.46722412
3.60778809 19.52769089 346.56445313
2.68417358 19.39006996 348.43395996
4.24053955 19.27872276 350.18402100
3.53276062 18.82883453 346.58755493
2.94596863 18.81978035 348.14785767
3.71098328 18.74380493 349.91912842
3.56430054 18.26034737 346.56527710
2.74766541 18.25844574 348.38870239
3.40483093 18.05385971 350.20303345
3.70077515 17.67016029 347.31088257
3.09867859 17.36531258 350.48696899
3.73301697 17.10203362 347.28778076
3.12985229 16.80082130 350.46463013
3.65725708 16.40477180 347.31039429
3.62089539 16.22234344 349.92022705
2.89019775 15.73014545 348.12643433
3.22230530 15.70309925 348.62884521
3.55287170 15.67604733 349.13238525
3.65214539 15.65655231 349.89779663
3.25373840 15.13671017 348.60650635
3.58419800 15.10966206 349.10995483
3.45175171 15.09866238 350.13830566
3.52095032 14.70854855 347.50839233
3.28507996 14.57022572 348.58416748
3.38497925 14.55161953 349.35021973
3.67689514 14.00380421 347.26550293
3.31652832 14.00363159 348.56188965
3.41561890 13.98557472 349.32858276
3.70846558 13.43561840 347.24316406
3.57881165 13.42754555 348.27572632
3.11026001 13.30207253 349.61242676
3.50903320 12.87736034 347.48590088
3.10649109 12.69441128 349.60433960
3.54125977 12.30952930 347.46292114
3.64100647 12.29291153 348.23181152
3.06535339 12.04441738 349.61254883
3.57284546 11.74154568 347.44061279
3.40567017 11.58027744 348.42068481
3.02915955 10.92883682 348.80252075
3.63600159 10.60546494 347.39611816
2.83044434 10.37509060 349.04357910
3.75033569 9.94474602 347.22640991
3.55212402 9.77086258 348.23120117
3.48364258 9.21738052 347.44097900
3.35353088 9.21704292 348.47238159
3.51593018 8.64955139 347.41799927
3.38427734 8.65020943 348.45074463
3.54751587 8.08159733 347.39575195
3.64598083 8.06884098 348.16506958
3.57913208 7.51357079 347.37356567
3.67747498 7.50137711 348.14282227
3.84172058 6.92985916 347.08578491
3.70906067 6.93385029 348.12051392
4.10505676 6.34498215 346.79721069
3.33525085 5.70157623 347.61593628
3.09529114 5.58390427 348.69201660
-3.39033508 3.76254010 356.28097534
9.73841858 5.01303101 344.44973755
-3.57357788 3.14455771 356.45251465
-3.82707214 2.07058120 355.91778564
2.29429626 53.65712738 352.91665649
1.74234009 50.17112732 349.72769165
0.53732300 49.55112457 349.30325317
1.13111877 49.54053116 349.41494751
1.74374390 49.50521851 349.87365723
1.14912415 48.43984985 348.98913574
1.80047607 47.81993484 349.75732422
1.79945374 45.65566254 348.21090698
1.78367615 44.76602554 349.08029175
1.81831360 44.54668427 347.78350830
2.45228577 44.13254929 350.19607544
1.83998108 43.74061584 348.81558228
1.84092712 43.07653427 348.96267700
2.50898743 42.99056244 350.46450806
1.86004639 42.51309586 348.92416382
2.49472046 42.25017166 350.75759888
1.87921143 41.94962692 348.88461304
2.51039124 41.55313873 351.28427124
1.89837646 41.38603210 348.84503174
2.54815674 40.97639465 351.58929443
1.91761780 40.82229996 348.80651855
2.52951050 40.56370163 350.33489990
1.87808228 40.30671310 347.72064209
2.54872131 39.88825607 350.82476807
3.17176819 39.50625992 353.20535278
1.91700745 39.72570038 348.03042603
2.56785583 39.32731247 350.78637695
3.19075012 38.94890976 353.16717529
2.54924011 38.79554749 350.05795288
3.19158936 38.40560913 352.78842163
5.54685974 38.34261322 353.62005615
1.91911316 38.28784561 348.86114502
2.56845093 38.23340607 350.01947021
3.19148254 37.75125885 352.93310547
3.77557373 37.68408966 353.31613159
4.32157898 37.53403473 353.54147339
5.48851013 37.50920486 353.78903198
6.11015320 37.63464355 353.81121826
2.58764648 37.67122650 349.97998047
3.17207336 37.00156784 353.25973511
3.75643921 36.98918915 353.38153076
4.34046936 36.97679901 353.50329590
5.50726318 36.95190048 353.75183105
2.54981995 37.14810944 348.90164185
3.19406128 36.76902771 351.64883423
2.56910706 36.58412170 348.86212158
3.21150208 36.04763031 352.39941406
2.60737610 35.90000153 349.70379639
3.77766418 35.33956146 352.58654785
2.56936646 35.47893143 348.08752441
3.25151062 35.08895493 351.53482056
2.60794067 34.90257645 348.39657593
3.25714111 34.43050385 351.79440308
3.79779053 34.23239899 352.16921997
2.61753845 34.26365280 348.58517456
3.23463440 33.99881363 350.42474365
3.79896545 33.68275833 351.78912354
2.60752869 33.47820663 349.22714233
3.25387573 33.43678665 350.38629150
3.23599243 32.89299393 349.65612793
2.63108826 32.48138046 348.22827148
3.25532532 32.32976151 349.61761475
2.62686157 31.80328941 348.41363525
3.27467346 31.76641655 349.57904053
2.66578674 31.23066902 348.72396851
3.29403687 31.20298958 349.54052734
2.64637756 30.68031883 347.98739624
3.29479980 30.64655113 349.15496826
2.68536377 30.10810089 348.29776001
3.29544067 30.08902359 348.76742554
2.70486450 29.54283333 348.25805664
3.33363342 29.51824760 349.07681274
2.74461365 29.11903954 347.76269531
3.31564331 28.96481895 348.34207153
2.74400330 28.41214752 348.17974854
3.33517456 28.39939117 348.30343628
3.88317871 28.91597557 344.51965332
2.74414063 27.85107231 347.79095459
3.32289124 27.62502861 348.94509888
3.84176636 28.13893318 344.64465332
2.74426270 27.28880692 347.40209961
3.33172607 26.99134254 349.13296509
3.88008118 27.56326103 344.96078491
2.76393127 26.72204399 347.36239624
3.35128784 26.42706680 349.09533691
3.88108826 26.99592590 344.56463623
2.76298523 26.01803589 347.77963257
3.38964844 25.86024284 349.40402222
3.90077209 26.42421341 344.52560425
2.76188660 25.31543159 348.19699097
3.40917969 25.29631805 349.36544800
3.93923950 25.84987450 344.84280396
2.78152466 24.74980736 348.15829468
3.40995789 24.73387718 348.97955322
3.89518738 25.00607681 345.37759399
4.57662964 24.43597794 350.82693481
2.80116272 24.18418694 348.11965942
3.39157104 24.17131424 348.24328613
3.91487122 24.43572426 345.33761597
4.61372375 23.87324333 351.13385010
2.82087708 23.61852074 348.07998657
3.43006897 23.60514069 348.55297852
3.93461609 23.86520576 345.29867554
4.60380554 23.24558067 350.97567749
2.84057617 23.05270195 348.04129028
3.42706299 22.86310959 349.23553467
3.95426941 23.29475212 345.25869751
4.58839417 22.48635864 351.61126709
2.86030579 22.48693848 348.00155640
3.40675354 22.20999336 349.03692627
2.89955139 21.92201996 348.31234741
4.07679749 21.57288551 350.73455811
2.87849426 21.22435188 348.37960815
3.46493530 21.08290863 349.30618286
4.06242371 20.81686974 351.37042236
2.85733032 20.52704048 348.44589233
3.48454285 20.51877975 349.26757813
4.08618164 20.38195610 350.53689575
2.85728455 19.95885849 348.05871582
3.50418091 19.95455170 349.22900391
4.06724548 19.77156639 350.07434082
2.85719299 19.38959694 347.66943359
4.08393860 19.12611008 350.56796265
2.87695313 18.82308006 347.63067627
3.52452087 18.82200813 348.80416870
2.90571594 18.19798279 348.16845703
3.52500916 18.10767746 349.44821167
2.91653442 17.68989563 347.55221558
3.51913452 17.44155312 349.63241577
2.93637085 17.12318039 347.51345825
3.54942322 16.80328369 350.35568237
2.93501282 16.47157097 347.66232300
3.53929138 16.30787849 349.20950317
2.93231201 15.74306583 348.34667969
3.57809448 15.75041676 349.51770020
2.97203064 15.18510723 348.65682983
3.56994629 15.10066128 349.54855347
2.95187378 14.60423183 347.91946411
3.57566833 14.49391747 349.54467773
2.95170593 14.02955246 347.53189087
3.61808777 14.05019093 349.05508423
2.97157288 13.46283817 347.49313354
3.59573364 13.35708904 349.12265015
3.01147461 12.90551853 347.80435181
3.57305908 12.66418362 349.19021606
3.01130676 12.32916546 347.41464233
3.61956787 12.32588387 347.89428711
3.03123474 11.76214790 347.37588501
3.60455322 11.58342743 348.53790283
3.61271667 10.95980644 348.72637939
3.65199280 10.40652943 349.03680420
3.63275146 9.81721020 348.30194092
3.67202759 9.26438522 348.61141968
3.69180298 8.69914532 348.57275391
3.67259216 8.10573196 347.83670044
3.69244385 7.53928089 347.79797363
3.71228027 6.97277260 347.75924683
3.55749512 5.96714115 347.61874390
3.64207458 5.51014328 348.08453369
-3.63426208 3.87675405 356.37362671
-1.32711792 3.64947200 358.37637329
0.01155090 50.10431671 349.56204224
4.54504395 39.07409286 353.45489502
4.54467773 38.52062607 353.41406250
6.28474426 38.47878265 354.20797729
3.45602417 38.23846817 353.83200073
4.04832458 37.96723557 353.69955444
5.04420471 37.95138550 353.82159424
5.49206543 38.08660126 353.39965820
4.04794312 37.41366196 353.65866089
5.04388428 37.39871597 353.78076172
5.54017639 37.39838791 353.45690918
6.03627014 37.39814758 353.13323975
4.04768372 36.85989380 353.61773682
5.04356384 36.84593582 353.73992920
5.53984070 36.84561920 353.41604614
6.03659058 36.84532928 353.09313965
3.54421997 36.31877899 353.12713623
4.79359436 36.29943085 353.47512817
5.54020691 36.29280090 353.37588501
6.08421326 36.15768814 353.15097046
3.54391479 35.76380920 353.08609009
3.16581726 32.72541428 349.28167725
3.16545105 30.48165321 349.11672974
3.16520691 29.92050552 349.07525635
3.16496277 29.35925484 349.03375244
3.16548157 28.79786682 348.99295044
2.95855713 28.10194016 348.82235718
3.71836853 28.10255814 348.73016357
2.39685059 27.67002106 348.21343994
2.95867920 26.41616249 348.69839478
3.71899414 26.41822243 348.60720825
3.00698853 25.72152328 348.75939941
3.76728821 25.72418785 348.66821289
3.00679016 25.15958023 348.71783447
2.75102234 24.59303665 348.44485474
4.02275085 24.60582161 348.81777954
4.86253357 23.64456177 351.28466797
3.26274109 24.04044151 348.86679077
4.02253723 24.04477310 348.77627563
3.51808167 23.48429680 349.05676270
4.63301086 22.69958878 350.91720581
3.26316833 22.91701698 348.78427124
4.72647095 21.88227463 351.07760620
3.51858521 22.36176491 348.97424316
4.97801208 21.33239365 351.26324463
3.31101990 21.66261864 348.80407715
4.72694397 20.76742744 350.99560547
3.61390686 20.97819519 349.09643555
4.47431946 20.20134354 350.72656250
3.07093811 20.48734283 348.52340698
4.22177124 19.63415909 350.45745850
2.95112610 19.89868164 348.38348389
4.22241211 19.07537270 350.41665649
3.10351563 19.27567863 348.50997925
4.22229004 18.51652336 350.37521362
3.25517273 18.65372276 348.63583374
4.22296143 17.95753670 350.33435059
2.59098816 18.12973976 347.96279907
2.59159851 17.56606293 347.92172241
2.96551514 16.93204880 348.25909424
4.21603394 16.79063225 348.69564819
3.19943237 16.20589447 348.51055908
2.82667542 15.14870358 348.04925537
4.35598755 15.20089245 348.65795898
2.94386292 14.50462437 348.15460205
4.21763611 14.54522991 348.53140259
3.20059204 13.95595264 348.34506226
4.47305298 13.99806213 348.72186279
3.45719910 13.40817547 348.53564453
4.21946716 12.86047554 348.40859985
2.69520569 12.26872635 348.53988647
3.24880981 12.14107037 348.32568359
4.26638794 12.17214966 348.47140503
3.29623413 10.32692814 348.30572510
4.31369019 10.36129093 348.45181274
3.29692078 9.76424694 348.26461792
4.05926514 9.78148079 348.17947388
3.29690552 9.20153999 348.22286987
4.05990601 9.21932602 348.13851929
3.29759216 8.63875294 348.18179321
4.06057739 8.65709209 348.09750366
3.29830933 8.07590675 348.14068604
4.06118774 8.09480381 348.05648804
4.06182861 7.53244877 348.01553345
4.82501221 7.55197906 347.93389893
3.29969788 6.38701248 348.01666260
4.06381226 6.40753555 347.93414307
4.82690430 6.42819691 347.85272217
3.08970642 5.67780876 347.84838867
4.30653381 5.54649734 348.27136230
5.05763245 5.71572971 348.10543823
-3.78874207 3.38282084 356.60543823
3.83937073 60.64791107 350.94226074
3.48486328 60.11464691 350.93041992
3.46987915 59.56051254 350.90197754
3.92327881 59.54621124 350.30050659
3.45390320 59.00630569 350.87350464
3.76159668 57.87953186 350.79986572
2.94950867 57.17566681 353.75079346
3.39973450 57.19683075 351.40536499
3.13392639 55.93215942 353.13793945
2.44070435 55.40954971 353.14736938
3.10096741 54.82366943 353.08059692
2.73039246 53.72902679 353.04199219
7.30592346 39.57523346 353.05734253
4.50274658 38.73693466 354.23413086
6.49449158 38.47391510 353.61791992
6.69230652 38.65279007 352.98034668
4.82066345 38.18369293 354.18386841
6.59544373 37.92650604 353.00964355
4.80273438 37.63076019 354.15451050
5.58638000 37.63498688 353.53198242
7.36288452 37.64110184 352.85406494
5.67517090 36.95131683 353.53689575
6.22966003 36.82395172 352.97119141
6.33813477 37.00782776 351.19393921
6.21275330 36.27268982 352.94201660
6.19683838 35.72130585 352.91281128
6.20736694 35.17530060 351.16534424
5.85842896 34.61977005 351.15432739
4.29130554 33.20741653 349.34082031
4.27534485 32.65132904 349.31155396
4.02900696 31.95840263 349.33572388
4.12074280 31.27107811 349.34335327
3.75164795 30.15059471 349.30151367
4.21653748 30.16065216 348.70370483
4.20046997 29.60407257 348.67437744
4.18447876 29.04739761 348.64501953
4.07849121 29.30740738 345.11666870
4.16944885 28.49049759 348.61566162
4.77375793 28.59032631 345.11773682
4.15341187 27.93362808 348.58624268
4.94329834 27.94958878 345.11019897
4.13839722 27.37663078 348.55682373
4.48130798 27.51257896 345.05505371
4.12237549 26.81966019 348.52734375
4.50355530 26.91140747 345.03887939
4.10736084 26.26246643 348.49783325
4.56103516 26.26719093 345.03585815
4.09132385 25.70519447 348.46838379
4.88616943 25.72110176 344.99377441
3.87330627 25.21864319 345.54794312
3.72206116 24.57775688 348.42541504
3.70265198 24.56546593 345.55380249
4.15202332 23.90516472 348.41799927
4.21441650 23.93863106 345.53274536
4.61648560 23.25012207 351.27282715
4.24383545 23.22018814 348.42675781
4.32601929 23.34430122 346.08602905
3.92706299 22.66573143 351.28094482
4.26754761 22.41453362 350.77600098
3.86486816 22.89974785 346.03155518
3.65048218 22.14692497 348.37295532
4.18338013 22.19676781 346.04101563
4.01979065 21.55428886 350.64068604
3.85848999 21.53276825 348.35452271
4.05145264 21.52722931 346.05175781
4.11061096 20.87125778 350.64880371
3.84245300 20.97470093 348.32492065
4.24085999 20.98221779 346.58673096
3.82739258 20.41661072 348.29528809
4.00177002 20.47935295 346.54495239
4.15060425 19.87561989 348.24926758
4.21176147 19.86601257 346.52783203
3.49386597 19.03972244 350.63497925
4.13558960 19.31793213 348.21960449
4.06292725 19.30528641 347.07711792
4.19671631 19.30781555 346.49838257
3.60557556 18.48388290 350.02447510
4.49304199 18.63941383 347.07186890
3.58853149 17.92594719 349.99462891
4.10449219 18.20228004 348.16021729
3.57250977 17.36788559 349.96478271
4.19635010 17.51907730 348.16976929
4.23249817 17.37932014 347.06799316
3.21711731 16.78988457 349.95315552
3.61051941 16.79659843 348.21243286
4.75932312 16.85847664 347.58517456
3.54040527 16.25156784 349.90502930
3.59445190 16.23793602 348.18270874
4.74430847 16.30138779 347.55557251
3.18498230 15.67237377 349.89334106
4.25709534 15.72092342 348.12005615
4.72927856 15.74419880 347.52597046
3.16893005 15.11351681 349.86337280
3.77090454 15.13938618 348.68582153
4.24206543 15.16303921 348.09033203
3.15283203 14.55456448 349.83343506
3.75483704 14.58092594 348.65600586
4.22698975 14.60515690 348.06060791
3.47615051 14.01795101 349.78524780
3.73979187 14.02244759 348.62619019
3.46011353 13.45939827 349.75524902
3.72370911 13.46388817 348.59634399
3.85751343 13.46632004 348.01745605
3.34335327 12.75618172 349.20315552
3.81559753 12.78206158 348.60647583
4.28779602 12.80787754 348.01141357
3.43525696 12.07415676 349.21316528
3.90745544 12.10053253 348.61666870
4.71711731 12.15105915 348.00534058
3.41918945 11.51529980 349.18325806
3.89137268 11.54217243 348.58688354
4.36465454 11.56916046 347.99209595
3.06369019 10.93101788 349.17108154
3.87632751 10.98379326 348.55706787
4.34860229 11.01129723 347.96237183
3.18138123 10.37362003 348.56164551
4.33354187 10.45331478 347.93261719
3.16531372 9.81406116 348.53173828
4.31851196 9.89533424 347.90286255
3.48970032 9.28130341 348.48458862
4.30345154 9.33727360 347.87304688
3.47460938 8.72208881 348.45468140
4.28840637 8.77914143 347.84329224
3.64437866 8.09128761 348.44622803
4.38032532 8.09972191 347.85433960
4.85563660 8.13008881 347.26174927
3.99792480 7.38987064 348.45938110
4.47225952 7.42065907 347.86544800
4.94760132 7.45157909 347.27301025
4.45718384 6.86275768 347.83572388
4.93258667 6.89423275 347.24337769
3.96781921 6.27289391 348.39968872
4.44216919 6.30479431 347.80596924
4.91752625 6.33683681 347.21374512
4.05973816 5.59426594 348.41116333
4.78633118 5.51978016 347.85211182
4.62969971 59.40586853 349.93914795
4.38409424 58.86802292 350.17868042
4.13847351 58.32908630 350.41824341
4.11817932 57.77637482 350.40811157
3.59538269 57.31716919 350.92584229
2.95845032 57.03132248 353.24945068
3.85084534 56.68223953 350.63888550
2.93724060 56.47443008 353.23983765
3.60446167 56.13990402 350.87911987
3.24523926 55.76795197 352.92233276
3.91738892 55.58623505 351.36370850
3.77882385 55.05294037 352.35253906
3.89562988 55.03203964 351.35488892
3.75762939 54.49764633 352.34292603
3.87446594 54.47774506 351.34530640
3.73641968 53.94224930 352.33325195
3.85397339 53.92324066 351.33496094
3.71517944 53.38675308 352.32357788
3.83276367 53.36874390 351.32528687
3.69390869 52.83115768 352.31384277
3.80244446 52.70791626 351.37344360
4.21815491 51.97903061 350.94882202
3.65129089 51.71957397 352.29440308
3.78700256 50.94867706 351.33227539
3.92903137 50.32278824 351.17080688
3.90844727 49.76799393 351.16036987
3.88713074 49.21310043 351.15063477
2.33934021 49.21258163 349.41491699
3.86578369 48.65811157 351.14083862
2.31878662 48.65688324 349.40451050
3.49519348 47.97563934 351.58123779
3.71766663 47.83201599 350.52996826
2.29820251 48.10118103 349.39407349
3.69636536 47.27712250 350.52023315
3.53282166 46.17290115 351.50000000
3.87947083 46.16529083 350.24993896
2.44154358 46.16411209 349.25930786
2.34327698 46.16038132 348.51025391
3.63241577 45.61214828 350.49096680
2.42095947 45.60831833 349.24887085
3.61170959 45.05685806 350.48043823
2.85485840 45.05052948 348.73843384
3.59031677 44.50156784 350.47058105
2.60662842 44.49613190 348.97830200
2.96293640 44.49286270 347.73220825
3.56886292 43.94618225 350.46072388
2.58596802 43.94053650 348.96780396
3.04476929 43.80587006 347.67059326
3.54811096 43.39059067 350.45010376
2.73002625 43.31870270 348.80694580
2.90028381 43.11817551 347.85775757
3.07379150 42.83281326 350.94320679
2.87968445 42.56378174 347.84729004
3.27935791 42.27767563 350.68099976
3.36100769 41.58888626 350.61920166
3.25897217 41.58902740 349.87063599
2.60655212 41.58485794 348.87402344
2.61193848 41.45249176 348.07501221
3.44198608 40.90040588 350.55816650
3.34075928 40.90113831 349.80899048
2.68867493 40.89675903 348.81268311
2.59129333 40.89739990 348.06448364
6.95402527 40.24574661 352.70297241
3.42048645 40.34432220 350.54821777
3.31927490 40.34545135 349.79907227
2.66795349 40.34096909 348.80212402
2.57060242 40.34220505 348.05395508
5.39097595 39.80858231 351.76791382
3.39964294 39.78803253 350.53753662
3.29847717 39.78966141 349.78842163
2.64723206 39.78517914 348.79150391
2.32339478 39.78290939 348.29205322
5.36866760 39.25390625 351.75860596
3.15182495 39.22729492 350.77923584
3.50299072 39.23821259 349.52795410
6.43676758 38.43814468 354.12591553
6.33021545 38.52913666 353.33004761
6.21278381 38.44325638 352.63430786
5.77952576 38.57114029 352.19174194
5.71170044 38.61876297 351.37966919
3.74057007 38.52872467 349.30682373
6.30116272 37.88590240 353.37088013
6.19038391 37.88888550 352.62490845
6.08139038 37.89192581 351.87930298
5.97344971 37.89492416 351.13467407
6.27871704 37.33092880 353.36138916
6.16796875 37.33441162 352.61544800
6.05902100 37.33795166 351.86987305
5.95179749 37.34144592 351.12460327
6.25550842 36.77585983 353.35260010
6.14552307 36.77983856 352.60595703
6.03662109 36.78377533 351.86044312
6.15142822 36.79439545 350.86489868
3.84947205 36.76179123 349.13549805
6.23300171 36.22069168 353.34307861
6.12304688 36.22516632 352.59649658
6.01416016 36.22959900 351.85098267
6.12971497 36.24111557 350.85476685
3.82789612 36.20690918 349.12551880
6.08935547 35.49313736 352.68676758
6.09416199 35.54633331 351.79031372
6.20903015 35.55895233 350.79483032
3.80705261 35.65192413 349.11477661
6.06723022 34.86885834 350.98468018
3.78544617 35.09684372 349.10476685
3.53926086 34.53291321 349.34387207
5.80528259 33.87408447 352.01266479
5.65890503 33.83467102 351.33303833
3.62188721 33.84809113 349.28305054
3.97399902 33.87341690 348.03686523
5.55709839 33.18797684 351.45672607
5.22972107 33.18503189 350.96075439
4.11877441 32.78151703 350.35925293
4.43109131 32.19717026 349.99740601
4.20918274 32.06626511 349.45050049
4.11082458 32.07432175 348.70269775
4.01347351 32.08243942 347.95596313
3.96354675 31.49951363 349.69015503
4.08915710 31.51954079 348.69262695
3.99256897 31.52825356 347.94522095
4.16648865 30.95570564 349.42953491
4.06819153 30.96475792 348.68182373
3.97164917 30.97386742 347.93441772
4.04650879 30.40977859 348.67169189
3.80039978 29.84174538 348.91088867
4.76138306 29.59090996 345.47122192
3.83103943 29.22273827 348.87557983
4.11546326 29.05672646 347.80422974
4.71223450 28.87761116 344.73538208
4.62173462 28.88850212 343.99398804
3.96577454 28.47708130 348.79071045
4.09452820 28.50244141 347.79345703
4.69224548 28.32671738 344.72409058
4.44908142 27.76100540 344.95776367
3.63427734 27.52452850 349.00213623
4.05189514 27.39358139 347.77255249
4.42832947 27.20951653 344.94714355
3.90200806 26.81064415 348.75881958
4.03089905 26.83899879 347.76171875
4.63143921 26.67374039 344.69085693
3.88021851 26.25496864 348.74862671
4.00991821 26.28441811 347.75082397
3.94052124 26.07350349 345.41586304
3.63345337 25.68243217 348.98864746
4.14421082 25.53762817 345.15875244
3.83735657 25.14341736 348.72744751
3.96783447 25.17485619 347.72906494
4.66038513 25.00565529 345.40109253
4.88037109 24.58259583 350.96273804
3.59053040 24.56958199 348.96740723
4.05070496 24.49511147 347.66986084
4.41674805 24.43573570 345.63574219
4.85768127 24.02613258 350.95300293
3.56938171 24.01310539 348.95642090
4.17304993 23.86482239 345.87033081
4.83563232 23.46956635 350.94256592
3.54748535 23.45643234 348.94613647
3.45433044 23.47223091 348.19500732
4.15216064 23.31173515 345.85952759
4.69386292 22.76932526 351.13528442
3.67071533 22.82329559 348.81958008
3.72163391 22.76322174 347.95410156
4.23548889 22.63487244 345.80075073
4.45301819 22.08470726 350.57675171
3.84516907 22.13147545 347.82785034
3.66271973 22.16531181 346.33090210
3.82405090 21.57599831 347.81689453
3.73197937 21.59343719 347.06826782
3.78610229 21.53544617 346.20593262
4.24380493 21.02210999 350.70724487
3.44630432 20.96051025 349.05630493
3.80294800 21.02051926 347.80596924
3.71092224 21.03845596 347.05737305
4.60997009 20.43521690 350.29461670
3.42439270 20.40333748 349.04598999
3.78109741 20.46494484 347.79571533
4.20756531 20.44457054 346.51928711
4.36421204 19.85644341 350.53567505
3.85295105 19.89039612 348.53424072
3.75996399 19.90926743 347.78472900
4.15324402 19.81623459 346.58148193
3.89347839 19.25375938 351.02975464
3.60614014 19.31145859 348.77423096
3.51414490 19.33094025 348.02285767
4.08126831 19.15028000 346.68127441
3.99821472 18.73819542 350.01571655
3.58488464 18.75458717 348.76315308
3.71763611 18.79771423 347.76269531
4.06022644 18.59599876 346.67037964
3.97613525 18.18073273 350.00524902
3.70838928 18.12403870 348.63687134
3.80113220 18.11944580 347.70407104
4.03987122 18.04151726 346.65875244
3.50386047 17.57458496 350.49923706
4.10856628 17.46593857 347.39697266
3.48173523 17.01591873 350.48873901
4.31195068 16.93561935 347.13674927
3.90538025 16.40025711 350.03466797
3.76866150 16.35643768 348.52297974
4.06689453 16.35558701 347.37420654
3.65055847 15.65507793 350.36911011
3.78073120 15.70352554 349.36468506
3.91227722 15.75180340 348.36300659
4.04570007 15.80031109 347.36318970
3.53370667 15.11957455 349.60586548
3.89030457 15.19543362 348.35260010
4.02450562 15.24493504 347.35214233
3.28669739 14.53442001 349.84710693
3.64488220 14.61208820 348.59118652
4.21348572 14.44814777 347.24673462
3.26461792 13.97575474 349.83660889
3.84774780 14.08238983 348.33035278
3.46818542 13.44517326 349.57369995
3.99989319 13.44078445 348.18188477
3.44607544 12.88690758 349.56317139
3.94458008 12.80904007 348.24588013
3.42465210 12.32853985 349.55194092
3.92329407 12.25246811 348.23477173
3.54823303 11.70019245 349.42572021
3.80720520 11.66115665 348.34109497
3.95098877 11.05951309 348.18127441
3.92967224 10.50294209 348.17010498
3.90834045 9.94627190 348.15896606
3.88700867 9.38961124 348.14776611
4.30841064 8.78978825 347.69992065
4.50296021 8.10546303 347.53317261
4.70494080 7.58334827 347.27285767
4.32620239 6.93019199 348.51144409
4.46034241 6.99447155 347.51089478
4.30477905 6.37353420 348.50021362
4.43469238 6.33145428 347.56222534
13.43243408 5.07786369 340.69113159
11.58171082 4.55266762 338.57537842
-1.63825989 4.81345367 350.28018188
12.23123169 2.34329534 339.40194702
6.64218998 48.13100052 351.43798828
1.92588997 47.16899872 348.61499023
6.70084000 46.74940109 351.23300171
2.59627008 46.36560059 348.85900879
1.97537005 46.43719864 348.58801270
3.16588998 46.09489822 350.55700684
2.58840990 45.81010056 348.86499023
1.97139001 45.79259872 348.07299805
2.56331992 45.25439835 348.53399658
3.21043992 44.71409988 350.01000977
2.57727003 44.56809998 348.09698486
6.70152998 44.25600052 350.36599731
2.57885003 43.45709991 348.44299316
6.74136019 39.93849945 353.07299805
5.54685020 39.98899841 353.14898682
6.18727016 39.18780136 352.70401001
5.53507996 39.18709946 351.56500244
5.56607008 38.47399902 351.30200195
3.16640997 37.20940018 349.53298950
4.39730978 36.09489822 351.14401245
4.38897991 35.53499985 351.15200806
3.76284003 34.14260101 348.56900024
3.78170991 33.62340164 349.47299194
3.75418997 33.07659912 349.14199829
3.78675008 32.39229965 349.03900146
3.80012989 31.72050095 348.59899902
3.18054008 31.72760010 347.80398560
3.79168010 31.16379929 348.60598755
3.78321004 30.60700035 348.61199951
3.77469993 30.05010033 348.61898804
4.89138985 29.17289925 345.10501099
4.27585983 29.18409920 344.32501221
3.77718997 29.43759918 348.40301514
4.88285017 28.62179947 345.11099243
4.30811977 28.51059914 344.22601318
4.87427998 28.07060051 345.11801147
3.78765988 28.34810066 349.31298828
3.21286988 28.14220047 347.62399292
4.28942013 27.50149918 345.00201416
3.78207994 27.69669914 348.53500366
4.30219984 26.84370041 344.57299805
3.79563999 27.03149986 348.09600830
4.31335020 26.27589989 344.90899658
3.78705001 26.47500038 348.10299683
4.30305004 25.81200027 345.68200684
3.79800010 25.90069962 348.44601440
4.29562998 25.20159912 345.17599487
3.78936005 25.34350014 348.45199585
3.76110005 24.80470085 348.12200928
4.27701998 24.15349960 345.70098877
3.77189994 24.22870064 348.46499634
4.98796988 23.81679916 351.31201172
4.26828003 23.60050011 345.70700073
3.76318002 23.67119980 348.47100830
4.95810986 23.27529907 350.97799683
3.77724004 23.01099968 348.03201294
4.40649986 22.57270050 350.75201416
3.79120994 22.35239983 347.59500122
4.44024992 21.88850021 350.64801025
3.78452992 21.74329948 347.08200073
4.41079998 21.34930038 350.31399536
3.79340005 21.21780014 347.94299316
4.42250013 20.76639938 350.66198730
3.80448008 20.63839912 348.28601074
4.39299011 20.22809982 350.32800293
3.78241992 20.03870010 347.39898682
4.38508987 19.62989998 349.94000244
3.79329991 19.37470055 346.74099731
4.44057989 18.88739967 349.78100586
3.78443003 18.81940079 346.74700928
4.43166018 18.32740021 349.78799438
3.79222989 18.31110001 347.86599731
3.78669000 17.68339920 347.09298706
3.80000997 17.05599976 346.91598511
3.78887010 16.54509926 347.44000244
4.39981985 15.95330048 348.24499512
3.76009011 16.01490021 347.11199951
4.37027979 15.42249966 347.91598511
3.75117993 15.45849991 347.11801147
4.36127996 14.86499977 347.92300415
3.78559995 14.78330040 347.01699829
4.35226011 14.30749989 347.92898560
4.38679981 13.63129997 347.82699585
3.83154011 13.52320004 347.25500488
4.40055990 12.98470020 347.38900757
3.82261992 12.96650028 347.26098633
4.39156008 12.42790031 347.39599609
3.81368995 12.40960026 347.26699829
4.40335989 11.84060001 347.73800659
3.80472994 11.85270023 347.27301025
4.39431000 11.28310013 347.74398804
3.79574990 11.29570007 347.27999878
4.38524008 10.72550011 347.75100708
4.37616014 10.16779995 347.75698853
4.36705017 9.61005020 347.76300049
4.38041019 8.98554039 347.58599854
4.41630983 8.29520988 347.22399902
4.40481997 7.78619003 348.01098633
4.37717009 7.21561003 346.90200806
5.00930023 6.57202005 348.04299927
4.52497005 6.30158997 347.29901123
5.00008011 6.01373005 348.04998779
4.42517996 5.94270992 346.98498535
11.67590046 5.32407999 339.15798950
9.37761974 5.20021009 336.89498901
11.65639973 4.23991013 339.17401123
11.59220028 3.77038002 338.54901123
12.76620007 3.19490004 339.42800903
11.01910019 3.20965004 338.43600464
11.01939964 2.62004995 338.16598511
