-20.76857185 70.01205444 345.24697876
-20.76068306 69.48249054 345.24987793
-20.75377274 68.95270538 345.25216675
-19.81195259 68.50373840 345.36724854
-20.74594498 68.42292786 345.25509644
-20.98720169 67.70296478 344.22247314
-19.78787231 66.91123962 345.37680054
-20.43666077 66.39678192 344.80874634
-20.31731987 65.52482605 344.76962280
-19.57099533 64.67271423 345.50485229
-19.83638191 63.98079300 345.20037842
-19.82016182 62.91866684 345.20706177
-19.58309174 62.40889740 345.42132568
-18.77902603 62.19895554 345.51824951
-19.80482674 61.85615158 345.21322632
-19.31897545 61.35212326 344.90631104
-19.79711151 61.32476044 345.21630859
-18.83281898 60.84806061 344.59912109
-19.31049728 60.82067871 344.91009521
-18.54990196 60.47219086 344.91036987
-19.30296516 60.28921890 344.91329956
-18.58600616 59.80416107 344.81719971
-19.29454803 59.75756073 344.91711426
-18.80027580 58.72150421 344.61389160
-18.35102081 57.60274124 344.97903442
-18.12710571 57.04157257 345.16015625
-20.48585701 55.58127213 349.11956787
-18.84911728 54.73138809 345.17648315
-20.29074860 54.92398453 349.23864746
-17.79113770 54.12326431 347.06478882
-18.82499886 53.13209915 345.18771362
-17.82683182 53.45234680 346.96966553
-18.81678581 52.59883118 345.19158936
-19.75418663 52.80416489 348.20590210
-20.23913193 52.77613831 348.51144409
-19.29784393 51.78735733 342.40527344
-18.80924416 52.06545258 345.19497681
-19.59366798 50.45620346 342.01568604
-18.52389717 50.84268570 344.62332153
-20.99785233 45.91239166 341.33911133
-18.79771423 43.68495941 344.23263550
-18.95881271 43.10572815 344.06301880
-21.03491020 41.77971649 338.86361694
-21.73275566 41.74865723 338.96350098
-18.82490540 42.48957062 344.14111328
-21.02704811 41.25565720 338.86785889
-21.76473999 41.09951019 338.87277222
-19.15168762 41.86667633 343.80130005
-20.92646217 40.67000961 338.92523193
-18.28950310 41.60048294 344.70135498
-20.78676414 40.20914078 339.07693481
-18.56867790 40.89231491 344.36386108
-20.32739258 39.68693161 339.48406982
-18.56067657 40.35855865 344.36807251
-19.78646088 39.41391754 340.08361816
-18.92114067 39.75888062 344.00805664
-19.44775581 38.97140884 340.42327881
-18.31405258 39.29144669 344.58532715
-19.31484985 38.35983276 340.49954224
-18.44246483 38.69319153 344.43539429
-18.76925087 38.08212280 341.10424805
-19.78385735 37.80363083 340.80654907
-17.83297920 38.22222519 345.01480103
-18.84159851 37.30179977 340.91656494
-17.82496834 37.68658066 345.01907349
-19.31127167 36.74436188 341.22433472
-18.09105682 37.02514267 344.71337891
-18.35718536 36.36489487 344.40756226
-18.00392914 35.37633514 344.76220703
-18.10072517 34.75784683 344.63024902
-19.27193069 34.20526505 344.30712891
-19.26472282 33.67127609 344.31072998
-17.82709122 33.18433762 344.12921143
-19.25668907 33.13731003 344.31500244
-17.81917572 32.64927292 344.13351440
-19.05804443 32.47340775 344.42898560
-19.73247719 32.57536316 344.61917114
-17.81128693 32.11410522 344.13787842
-17.80413246 31.57890701 344.14163208
-19.71726227 31.50700569 344.62701416
-17.83625221 30.91946602 344.04696655
-18.80340004 30.86339951 344.65072632
-19.74978638 30.84865570 344.53131104
-17.85326958 29.19016457 343.96026611
-18.33635902 29.16219139 344.26232910
-18.32917213 28.62701225 344.26605225
-19.27661133 28.61613274 344.14767456
-18.55323219 28.10069084 344.06130981
-17.81246185 27.63117599 343.25393677
-18.54604912 27.56589890 344.06509399
-19.26151657 27.54748154 344.15563965
-17.32258987 27.12465477 342.95587158
-17.80469894 27.09670067 343.25839233
-18.77093887 27.04086494 343.85974121
-19.25427628 27.01309395 344.15927124
-17.31479645 26.59008408 342.96032715
-17.79693413 26.56212807 343.26293945
-18.76305580 26.50639534 343.86416626
-19.24642181 26.47862625 344.16366577
-19.23205566 25.40935898 344.17092896
-17.58045769 24.82472610 343.38510132
-18.94127274 24.77764893 344.38784790
-18.32807350 24.15285301 343.38238525
-19.06296349 24.08466339 344.18917847
-17.32418442 23.20567513 343.60678101
-18.08048630 23.07036400 343.59896851
-18.79627991 23.05602646 343.68981934
-17.35582924 22.54915619 343.51153564
-18.07266045 22.53519249 343.60342407
-18.78912735 22.52144051 343.69354248
-18.06483459 22.00001717 343.60791016
-18.78203773 21.98676109 343.69729614
-17.34020233 21.47769928 343.52053833
-18.05780029 21.46473312 343.61166382
-18.77418327 21.45199203 343.70166016
-17.33249474 20.94182587 343.52508545
-18.04991150 20.92945480 343.61608887
-17.32475471 20.40595627 343.52963257
-18.04208565 20.39398193 343.62057495
-17.31695557 19.86997414 343.53411865
-18.03502083 19.85859299 343.62445068
-17.30991936 19.33389091 343.53793335
-18.02722359 19.32302475 343.62893677
-17.30217743 18.79781151 343.54254150
-18.02018929 18.78743935 343.63272095
-18.73789787 18.77726936 343.72113037
-16.82508469 18.22606659 343.96563721
-17.28669739 17.72536087 343.55163574
-18.00535583 17.71607208 343.64108276
-17.14867401 17.09760284 343.62860107
-18.03655624 17.06185913 343.54522705
-18.79220390 16.93487740 343.53372192
-17.34906387 16.41613579 343.36007690
-18.06760597 16.40794945 343.44934082
-18.78505135 16.39999390 343.53747559
-17.34199524 15.88016033 343.36398315
-18.05977821 15.87247944 343.45382690
-18.77799034 15.86500359 343.54122925
-17.33422661 15.34409046 343.36849976
-18.05271149 15.33689880 343.45758057
-18.77083588 15.32992554 343.54501343
-17.81181145 14.78049946 343.67025757
-18.76374245 14.79483318 343.54876709
-17.57020187 14.22292042 343.88351440
-18.75664902 14.25964832 343.55255127
-17.56233597 13.68624687 343.88796997
-18.74952507 13.72445774 343.55627441
-17.55529594 13.14945507 343.89184570
-18.74243164 13.18917084 343.56005859
-17.54819489 12.61266994 343.89566040
-18.73536682 12.65388680 343.56381226
-17.54042053 12.07579231 343.90023804
-17.53331757 11.53880405 343.90405273
-18.72123909 11.58310699 343.57141113
-17.56443405 10.88570213 343.80670166
-18.75172234 10.93161297 343.47485352
-17.82895088 10.25790691 343.50149536
-18.78214836 10.28052139 343.37826538
-17.82188416 9.72162437 343.50521851
-18.77505302 9.74533653 343.38198853
-17.57988358 9.15954876 343.71826172
-18.76796150 9.21014500 343.38580322
-17.57284355 8.62275791 343.72207642
-18.76086617 8.67486191 343.38952637
-17.56567955 8.08588314 343.72589111
-18.75370979 8.13950253 343.39321899
-17.55860901 7.54898262 343.72973633
-18.74734879 7.60410070 343.39633179
-17.55147743 7.01203537 343.73352051
-18.74019241 7.06867504 343.40002441
-17.54440498 6.47503710 343.73733521
-18.73380089 6.53318548 343.40316772
-17.53019905 5.40090847 343.74496460
-17.56016541 4.75015211 343.64773560
-18.74961853 4.81299877 343.31350708
-17.82515144 4.13010597 343.34140015
-17.53947067 3.13908195 343.65847778
-20.70034218 69.44351196 345.03491211
-20.27931976 69.13905334 342.26486206
-20.97484207 68.88918304 345.05682373
-20.21290207 68.53978729 342.23196411
-20.99556160 68.30114746 345.03750610
-21.81742287 68.00268555 345.60003662
-19.88849449 68.05287170 342.19949341
-22.09001350 67.45126343 345.62133789
-20.00142288 67.42725372 344.96704102
-19.40896225 67.02133179 343.25616455
-20.13689613 66.80432892 344.95111084
-20.68851662 66.64282990 345.52365112
-19.38384819 66.49948120 343.25222778
-20.43283463 66.08074951 344.92337036
-20.82402420 66.02101898 345.50750732
-21.51380157 65.92988586 346.11529541
-19.71527863 65.75830841 344.89788818
-20.49951172 65.53151703 345.47784424
-21.87692451 65.24440002 346.10510254
-20.38276672 65.03882599 344.91537476
-20.47449303 65.01045990 345.47381592
-20.35768509 64.51766968 344.91149902
-20.44941139 64.48921967 345.46990967
-20.84170914 64.43057251 346.05334473
-19.54940414 64.32649994 344.91748047
-20.42430115 63.96799088 345.46597290
-20.81656837 63.90968704 346.04934692
-19.61590958 63.66887283 344.88229370
-19.68137932 63.01158905 344.84704590
-19.07721710 63.17643738 345.38613892
-20.46787643 62.89634323 346.01641846
-19.65629387 62.48913193 344.84326172
-19.74792480 62.46034241 345.40258789
-20.14221382 62.40309906 345.98715210
-19.32955933 61.99474335 344.81277466
-19.72283936 61.93779373 345.39877319
-19.30340195 61.47164536 344.80895996
-19.69771957 61.41504669 345.39498901
-19.79130363 61.38609314 345.95410156
-18.97769356 60.87044525 344.18588257
-19.43991852 60.85007477 344.79278564
-19.76426315 60.75821686 345.35906982
-20.06792831 60.83610153 345.97592163
-18.92537308 59.92808533 344.77108765
-19.29356766 59.24468613 344.76193237
-19.68884277 59.18975830 345.34793091
-19.36005020 58.58796692 344.72589111
-19.75444031 58.53347778 345.31188965
-20.63709831 58.33036423 348.68328857
-19.33392143 58.06465149 344.72222900
-19.72932243 58.01053238 345.30816650
-20.31207848 57.83192825 348.65628052
-20.93647003 57.59158707 349.19845581
-21.20780373 57.58960342 349.78067017
-21.70205307 57.40195465 350.32369995
-19.30876732 57.54119492 344.71859741
-19.70420074 57.48748016 345.30459595
-21.17375183 56.96446609 349.18746948
-21.27542305 56.93418121 349.74282837
-18.98090744 57.04155731 344.68783569
-20.26384926 56.78504944 348.64886475
-21.14967537 56.44218063 349.18368530
-19.25650787 56.49415970 344.71130371
-20.33140182 56.12861633 348.61114502
-20.82470894 55.94263458 349.15682983
-18.92949677 55.99327087 344.68075562
-20.39901733 55.47249222 348.57336426
-20.50059319 55.44209290 349.13003540
-18.90433884 55.46891403 344.67727661
-18.92504692 54.87848663 344.65713501
-19.56132698 54.73367310 348.58715820
-20.32556915 53.90194702 348.56246948
-20.42717743 53.87134933 349.11895752
-18.82675743 53.89533234 344.66690063
-17.99847984 53.85927582 346.80310059
-20.20076370 53.40863800 348.00204468
-20.39419746 53.24650192 348.52416992
-18.59143639 53.25979614 344.60281372
-18.98898697 53.20907211 345.18991089
-17.97324753 53.33252716 346.79956055
-19.50949478 53.01351547 347.97256470
-18.65804100 52.60340118 344.56588745
-19.05553246 52.55317307 345.15292358
-19.44690132 52.43134308 347.38796997
-19.54752731 52.40063477 347.94613647
-18.63184166 52.07838440 344.56256104
-19.03031349 52.02851486 345.14956665
-18.53156662 52.23900986 346.84368896
-19.02589989 52.05752182 347.39389038
-18.60665131 51.55332565 344.55911255
-19.00408554 51.50379181 345.14614868
-18.59331322 51.48088074 346.21191406
-18.59902573 51.58150101 346.80590820
-19.39749527 51.38147736 347.38107300
-18.27738380 51.04673004 344.52813721
-18.97898483 50.97893524 345.14276123
-18.96967506 50.90567398 346.79373169
-18.25115013 50.52098846 344.52484131
-18.95373154 50.45397186 345.13943481
-18.94441986 50.38011551 346.79028320
-18.31873512 49.86476898 344.48730469
-18.92747307 49.92894363 345.13616943
-18.91919327 49.85446548 346.78695679
-18.59932899 49.42111206 345.10577393
-18.59089088 49.34600067 346.75790405
-18.96892548 48.74880219 345.09545898
-19.13222694 48.67973709 347.32412720
-18.70732689 47.58476639 345.02719116
-18.98414993 47.04392242 345.05148315
-18.67560577 46.98094559 346.67453003
-18.68325806 47.07930756 347.26858521
-18.65574646 46.53336334 345.02084351
-18.95352554 46.43989182 346.69723511
-18.93269348 45.99322891 345.04516602
-18.92826843 45.91392517 346.69403076
-18.60333824 45.48163223 345.01452637
-18.59881592 45.40159225 346.66467285
-18.88123512 44.94214249 345.03903198
-18.26939392 44.88837433 346.63540649
-18.51333618 44.34827805 344.97573853
-18.54826355 44.34818649 346.65844727
-18.80350876 43.36471558 345.03012085
-18.39614105 43.32589722 346.09338379
-20.77711105 42.49234772 340.66738892
-18.86361885 42.61553192 344.39840698
-18.87019348 42.71133804 344.99194336
-21.45606422 41.81410599 338.47308350
-20.84101868 41.84565735 340.63085938
-18.73981667 42.12139893 343.83688354
-18.83735657 42.08979416 344.39541626
-18.93694115 42.05823517 344.95376587
-18.71361351 41.59567642 343.83395386
-18.81212997 41.56404877 344.39254761
-18.91067505 41.53241730 344.95080566
-18.68732071 41.06985092 343.83114624
-18.78589630 41.03810501 344.38964844
-19.48901558 40.98647308 345.00344849
-19.59189987 40.49755859 339.44760132
-18.66111565 40.54379654 343.82833862
-18.75966072 40.51218033 344.38681030
-19.46281433 40.46134567 345.00054932
-18.63481903 40.01777649 343.82553101
-19.12769508 39.85092163 344.37680054
-18.73041153 39.44555664 339.90335083
-19.12224388 39.40529251 340.49386597
-19.19445038 39.19955826 344.33831787
-18.79470444 38.88919830 340.45947266
-18.76752663 38.36438751 340.45681763
-18.64192200 38.22271729 344.30780029
-19.54398918 38.10904694 344.91799927
-19.04066086 37.83229065 340.48626709
-19.11572075 37.62285614 344.32998657
-18.50530243 37.28939438 340.97885132
-19.08955002 37.09711838 344.32727051
-18.05642509 36.62190628 343.67953491
-18.76180267 36.57737350 344.29598999
-18.96392822 36.51305771 345.41098022
-18.33255005 36.08884811 343.70617676
-18.73559570 36.05091858 344.29333496
-18.83706856 36.01869583 344.85101318
-18.93863678 35.98658752 345.40829468
-18.91007805 35.45927429 340.93280029
-18.30624962 35.56191635 343.70361328
-18.70923424 35.52438736 344.29074097
-18.81074142 35.49217224 344.84829712
-19.00545502 35.33542252 345.36886597
-18.25367546 34.50764847 343.69848633
-18.32093620 33.85905075 341.42044067
-18.38960457 33.89665985 343.68148804
-18.72351837 33.82046127 344.24652100
-19.12758255 33.78433228 344.83224487
-18.29366302 33.33264542 341.41802979
-18.68874550 33.20261383 343.65008545
-18.78942680 33.17012787 344.20739746
-19.49599457 33.13118362 344.82128906
-18.56888580 32.80326462 341.44711304
-18.66250801 32.67597198 343.64755249
-19.06559944 32.64067078 344.23382568
-19.46973038 32.60544968 344.81884766
-17.93767738 32.28206635 341.38189697
-18.02912331 32.15410233 343.58575439
-19.03936195 32.11442947 344.23132324
-19.44444275 32.07957458 344.81628418
-18.21186447 31.75291443 341.41110229
-17.69921112 31.62821579 343.55361938
-19.01303291 31.58797836 344.22879028
-19.41826630 31.55363083 344.81381226
-18.28300667 31.19349289 341.96701050
-17.97742653 31.09845924 343.58093262
-18.68516922 31.06292915 344.19744873
-19.48418427 30.90510368 344.77423096
-17.95008469 30.57056999 343.57849121
-18.35531807 30.53685570 344.16586304
-17.31963348 30.14152527 341.86892700
-17.92377853 30.04252243 343.57617188
-18.32889175 30.00921440 344.16342163
-18.73611450 29.97605896 344.74948120
-17.64304543 29.55183601 341.87954712
-17.59281921 29.51450539 343.54388428
-18.39580917 29.35946274 344.12368774
-19.03451729 29.28620529 344.71640015
-18.46269798 28.71000862 344.08398438
-19.17058563 28.67840767 344.69854736
-17.84473038 28.45780945 343.56921387
-19.44699097 28.15284538 344.72494507
-17.51487160 28.02816200 341.89163208
-17.73954582 27.76642609 343.49707031
-18.10631180 27.65341568 344.04974365
-19.11905289 27.62499428 344.69381714
-17.46974754 27.22254562 342.34286499
-17.67277336 27.15636253 343.45974731
-18.07997513 27.12527275 344.04736328
-19.09272003 27.09825134 344.69146729
-17.44340706 26.69391060 342.34060669
-17.95015335 26.63002968 343.48764038
-18.05357552 26.59703255 344.04513550
-19.06742668 26.57127380 344.68917847
-17.41602707 26.16519928 342.33853149
-17.61997223 26.09887886 343.45520020
-18.02726746 26.06858444 344.04281616
-18.73838043 26.04145432 344.65798950
-17.38864708 25.63639641 342.33648682
-17.59262276 25.56997490 343.45291138
-18.00086594 25.54015732 344.04052734
-18.71302032 25.51388168 344.65582275
-17.36130142 25.10749435 342.33425903
-17.56621933 25.04103279 343.45077515
-18.37060165 24.89526749 344.02984619
-17.63862228 24.58253670 342.36343384
-17.53984451 24.51189232 343.44857788
-18.84593201 24.21843338 344.57501221
-17.10513115 24.01140022 342.85772705
-17.51347160 23.98274994 343.44647217
-16.77298164 23.47653580 342.82479858
-17.64951324 23.37544250 343.42910767
-17.98873901 23.30568123 343.99362183
-18.32693100 23.23616982 344.55712891
-17.95016670 22.69080353 343.39636230
-18.05468941 22.65748596 343.95315552
-18.46407700 22.62994194 344.53903198
-18.02825737 22.12883186 343.95098877
-18.43776894 22.10180473 344.53683472
-16.85610580 21.80824089 342.80352783
-17.42901039 21.70404816 343.37710571
-18.00188637 21.60009766 343.94888306
-18.41142845 21.57355118 344.53466797
-17.15770912 21.12385178 342.77117920
-17.56612206 21.09760666 343.35961914
-17.97554398 21.07134628 343.94680786
-18.38603592 21.04517555 344.53253174
-17.13026428 20.59415054 342.76913452
-17.53971672 20.56826210 343.35763550
-17.94914055 20.54249954 343.94470215
-18.35966492 20.51673508 344.53051758
-17.10391617 20.06429482 342.76730347
-17.51328087 20.03881836 343.35562134
-17.92273712 20.01346207 343.94262695
-18.03028107 19.98002625 344.49899292
-17.48586655 19.50931168 343.35357666
-17.89734077 19.48437119 343.94070435
-18.30793190 19.45960236 344.52630615
-17.35160446 18.87987900 343.30218506
-17.96341896 18.83728027 343.89981079
-18.44411087 18.85541344 344.50823975
-17.22053337 18.32280922 343.28015137
-18.03035355 18.19054604 343.85882568
-18.74400139 18.17634010 344.47387695
-18.00398064 17.66160393 343.85684204
-18.71861076 17.64835358 344.47186279
-17.56606293 17.15558243 343.26809692
-17.97763634 17.13255501 343.85488892
-18.69224167 17.12019539 344.46990967
-17.53965569 16.62603951 343.26617432
-18.25432205 16.61445618 343.88314819
-17.51321793 16.09639549 343.26431274
-18.53195953 16.09721184 343.91143799
-17.18072510 15.55473328 343.23144531
-17.45936584 15.03683567 343.26062012
-18.17611885 15.02797699 343.87747192
-17.12784576 14.49403667 343.22784424
-18.24220848 14.38299084 343.83612061
-16.76972198 13.41919327 343.19332886
-17.44720078 12.80116177 343.21401978
-18.09384346 12.75291157 343.80746460
-17.51325798 12.15577698 343.17260742
-18.23015976 12.15171432 343.78936768
-17.48672676 11.62582970 343.17086792
-18.20375443 11.62276459 343.78756714
-17.46034622 11.09578228 343.16912842
-18.17832565 11.09357834 343.78582764
-17.43393898 10.56572914 343.16751099
-18.15195274 10.56452560 343.78408813
-17.40743828 10.03557873 343.16577148
-18.21814346 9.92104626 343.74227905
-17.98102951 9.26054001 343.66958618
-17.04932785 8.95732784 343.13131714
-17.42168808 8.33085537 343.12072754
-18.23246956 8.21974850 343.69699097
-17.48784256 7.68702602 343.07882690
-18.20713234 7.69056416 343.69525146
-17.76575279 7.17607212 343.10864258
-18.18072701 7.16134691 343.69366455
-16.93012047 6.65377235 343.04849243
-18.15426064 6.63206530 343.69201660
-17.40855217 6.09632826 343.07400513
-18.12882996 6.10267544 343.69042969
-17.38201904 5.56595755 343.07247925
-17.79904556 5.55263424 343.65792847
-17.35661507 5.03547430 343.07095337
-17.77263641 5.02268171 343.65640259
-17.02373505 4.48341799 343.03775024
-17.74720383 4.49262047 343.65484619
-18.46866035 4.50197506 344.26916504
-17.19473267 3.87159586 343.01623535
-17.81340218 3.85059190 343.61230469
-18.16023636 3.79420137 344.17233276
-17.46362877 3.22021270 342.98471069
-17.87965775 3.20887661 343.56976318
-18.29676056 3.19764018 344.15338135
-20.37541199 68.89059448 342.14163208
-20.95057487 67.46846008 345.42065430
-20.13918304 67.76371765 342.79730225
-21.30586052 66.85990906 345.88958740
-19.62979698 67.10977173 343.02484131
-20.88592911 66.40447235 345.36941528
-19.68151855 66.43370819 343.04663086
-20.10482788 65.92960358 345.30535889
-19.28452492 65.88049316 343.47845459
-20.07202721 65.39628601 345.27944946
-19.44764328 65.30731964 343.70285034
-20.23522186 64.82614136 345.50271606
-20.20239067 64.29309845 345.47680664
-20.36483002 63.72425079 345.69937134
-19.71663666 63.38584518 343.97174072
-19.91025734 62.72764969 345.15298462
-20.04831886 61.91699219 345.22143555
-20.08003235 61.83026123 346.17556763
-20.04717255 61.29733276 346.14978027
-19.62492371 60.83026886 345.62942505
-19.55968857 60.38061142 344.64691162
-19.59193420 60.29603958 345.60363770
-19.52736473 59.84542847 344.62182617
-19.55949020 59.76175690 345.57867432
-19.69005775 59.27839279 344.84573364
-19.52704811 59.22729111 345.55364990
-21.45139313 58.34991074 348.65533447
-19.46106911 58.77489471 344.57022095
-19.49454117 58.69270325 345.52871704
-21.38128281 57.67009735 349.44223022
-21.34402084 57.51973724 350.25198364
-19.42849731 58.23931885 344.54534912
-19.26576424 58.18885422 345.25436401
-20.65106201 57.33054352 348.57641602
-21.04903793 56.95037079 349.85415649
-19.39513206 57.70368576 344.51971436
-19.31967354 57.51681900 345.27587891
-20.61875916 56.79994583 348.55163574
-20.39331055 56.29824448 348.28259277
-20.42260742 56.13924408 349.17919922
-19.22295570 56.02462006 344.30783081
-19.31519127 55.85570526 345.29870605
-20.28741646 55.77413177 341.11645508
-19.27438164 55.23925400 345.22109985
-20.11817360 54.41341782 348.75854492
-20.25385857 55.23650742 341.09100342
-19.04497719 54.73155975 344.94573975
-20.47315407 53.82850266 349.22280884
-17.62335587 54.64853287 346.79400635
-20.02450943 54.72669983 340.81124878
-19.01222038 54.19549561 344.92083740
-20.59727669 53.34547806 348.49475098
-17.39247322 54.13935089 346.51986694
-19.79445267 54.21585846 340.53057861
-18.97879028 53.65927124 344.89529419
-17.91261101 53.59642029 346.28173828
-17.95386887 53.52167511 347.24160767
-19.19326591 53.60216522 340.65646362
-18.98988533 53.05523300 344.89379883
-18.32196617 52.94550323 345.84008789
-18.39036560 52.82703781 346.81481934
-19.53744316 52.84676361 341.03277588
-18.77021408 52.22260284 346.35931396
-18.80892754 52.15020370 347.31628418
-19.89377975 52.25649261 341.51333618
-19.09135246 51.70854950 345.87295532
-18.93300247 51.66210938 346.58230591
-18.03135872 51.64407730 347.25888062
-19.85939598 51.71842194 341.48718262
-18.70156479 51.36682892 344.52322388
-18.86214256 51.19770813 345.59860229
-18.90021706 51.12692261 346.55761719
-17.99866486 51.10830307 347.23406982
-19.82498360 51.18027496 341.46099854
-19.46319389 51.15934372 341.92053223
-18.79225349 50.73175812 344.61224365
-18.82853127 50.66167450 345.57308960
-18.86743546 50.59165955 346.53286743
-17.96645546 50.57236481 347.21005249
-19.62462234 50.59671783 342.14739990
-18.75863647 50.19472504 344.58682251
-18.79565048 50.12540054 345.54833984
-18.72599792 49.94608688 346.30499268
-18.67838097 50.01081848 347.21823120
-19.48360062 49.94809341 341.91610718
-18.52834702 49.68091202 344.31042480
-18.56621742 49.61236191 345.27395630
-18.98090744 49.27742767 342.14431763
-18.69131470 49.12020493 344.53598022
-18.53257179 49.07545090 345.24859619
-18.57243156 49.00789642 346.21038818
-18.94636726 48.73845673 342.11813354
-18.78203773 48.48644638 344.62503052
-18.58813858 48.40486145 345.26992798
-18.23436546 48.38277054 345.73269653
-18.33523941 48.33405304 346.78320313
-19.10795403 48.17725372 342.34500122
-18.03391647 48.11136246 343.73190308
-18.64300346 47.73462677 345.29046631
-18.52597046 47.62517166 346.96200562
-19.27006340 47.61676788 342.57281494
-18.49303246 47.08949661 346.93731689
-19.23549652 47.07830811 342.54678345
-18.73401833 46.70394897 344.52728271
-18.57623100 46.66073227 345.24057007
-18.46002960 46.55359650 346.91287231
-17.12320328 46.63439560 346.13201904
-18.70030785 46.16641998 344.50195313
-16.69281387 46.13673019 345.60589600
-18.66647530 45.62879944 344.47671509
-18.83321190 45.37229538 346.44583130
-19.30988884 45.19768524 342.56256104
-18.43604469 45.11038589 344.19995117
-18.88851547 44.70464325 346.46624756
-19.47060966 44.64022446 342.78921509
-18.59856606 44.55305862 344.42620850
-18.08874512 44.48844910 345.60348511
-19.43656158 44.10198975 342.76403809
-18.65443993 43.88328171 344.44732666
-18.30545425 43.76284790 345.80581665
-18.70967674 43.21384048 344.46765137
-18.87160110 42.65867233 344.69329834
-20.66146851 42.46466827 340.63931274
-19.16174889 42.29940796 343.30456543
-18.83758736 42.12114716 344.66821289
-18.48490524 42.09782028 345.13122559
-16.94586563 42.19240189 345.97872925
-21.22151375 41.91426468 338.52081299
-20.85825157 41.89126205 338.97882080
-20.46148872 41.89934158 340.37411499
-19.12094498 41.66292953 343.21560669
-18.80354118 41.58354187 344.64306641
-18.45088959 41.56000519 345.10610962
-17.20052338 41.50552368 346.24929810
-19.91869926 41.56665421 339.77621460
-18.92668533 41.08509445 343.90362549
-18.76946449 41.04571533 344.61801147
-18.41687393 41.02218246 345.08096313
-16.96915054 40.98274612 345.97457886
-20.78687668 40.81174850 338.92581177
-20.42443466 40.78847885 339.38449097
-19.88299370 41.02626038 339.74972534
-19.08806801 40.53142548 344.12985229
-18.73538399 40.50778580 344.59292603
-18.38279533 40.48416519 345.05587769
-16.73707008 40.45893860 345.69906616
-20.00010681 40.27890015 338.84606934
-19.63836479 40.25540924 339.30673218
-18.85837173 40.00845337 343.85345459
-18.70121384 39.96977615 344.56790161
-16.70368195 39.91904831 345.67456055
-19.25074577 39.85457230 339.84869385
-18.77837181 39.37473297 343.71350098
-18.85729027 39.33548737 344.74011230
-17.47106361 39.20559311 345.66180420
-19.20511055 39.14910889 339.71441650
-19.23633385 39.09692764 340.68716431
-19.16405487 38.65828323 344.14477539
-19.00751114 38.62049866 344.85858154
-17.76060486 38.56171799 346.00082397
-19.00473404 38.56996536 340.40536499
-19.12982368 38.12036896 344.11972046
-18.77811432 38.09617233 344.58319092
-18.07646370 38.04769897 345.51126099
-18.96957397 38.02861023 340.37966919
-18.56111526 37.67918396 343.44219971
-18.74324226 37.55812836 344.55755615
-18.04223251 37.50948715 345.48632813
-18.93367767 37.48711395 340.35327148
-18.66976738 37.06881332 343.56588745
-18.70897865 37.01981354 344.53259277
-18.00805855 36.97106171 345.46130371
-19.09353065 36.93326569 340.58236694
-18.77781296 36.45947647 343.68893433
-18.96001625 36.34115982 344.80307007
-18.89543724 36.17650604 345.56152344
-18.59541321 36.25041580 340.81072998
-19.01590919 35.67502213 344.82302856
-18.65070534 35.57978439 340.83078003
-18.36980057 35.46183014 343.23806763
-19.17613029 35.12676239 345.04809570
-18.61551094 35.03812027 340.80508423
-18.90806389 34.64474106 343.80767822
-18.94735909 34.59948730 344.77331543
-18.57949066 34.49631119 340.77890015
-18.87306404 34.10585785 343.78216553
-19.10739708 34.05180740 344.99850464
-18.54347229 33.95441818 340.75253296
-19.03261375 33.55770493 344.00775146
-18.31187248 33.42149734 340.47158813
-18.34802246 33.37820053 341.44595337
-18.60736084 33.03671265 343.47915649
-19.15839005 32.47205353 344.20947266
-18.07991219 32.30277634 341.13912964
-19.31250954 31.82770920 344.37023926
-18.13645744 31.63288307 341.15963745
-19.46401787 31.13526535 344.49902344
-18.38945007 30.95625305 341.43527222
-18.46753311 30.87734032 343.37884521
-17.60610390 30.40193939 341.36441040
-18.52369881 30.21100616 343.39843750
-17.76732063 29.85283470 341.59396362
-18.77534866 29.53889656 343.67019653
-18.81638718 29.50171661 344.63754272
-17.73108482 29.31014442 341.56774902
-18.93536758 28.99416351 343.89715576
-18.78172684 28.96309662 344.61291504
-17.69554710 28.76737976 341.54238892
-18.50924873 28.46465111 343.36715698
-18.55191422 28.42909241 344.33728027
-18.47451973 27.92442513 343.34262085
-18.71166992 27.88541412 344.56304932
-18.58261871 27.31969070 343.46594238
-18.76824570 27.22157478 344.58251953
-17.77403450 26.88715363 341.55697632
-18.82488632 26.55804443 344.60192871
-17.54096413 26.34729958 341.27572632
-17.77994919 26.31194878 342.50711060
-18.78943062 26.01927757 344.57678223
-17.54712296 25.77234268 342.22695923
-18.75461388 25.48024559 344.55230713
-17.99687004 25.10132217 342.75439453
-18.71982765 24.94123840 344.52777100
-18.48932648 24.40339470 344.25115967
-18.01873207 23.89366913 342.74893188
-18.06286049 23.86522293 343.72229004
-17.98298645 23.35191154 342.72369385
-18.02788353 23.32440948 343.69781494
-17.94724083 22.81015396 342.69857788
-18.41602325 22.63601303 344.12881470
-17.91213608 22.26823235 342.67419434
-18.53269958 21.99793243 344.23986816
-18.07220459 21.72723007 342.90270996
-17.93396759 21.06118584 342.66879272
-18.31779861 20.97862816 344.04205322
-17.99115372 20.39655304 342.68765259
-18.42640686 20.37818909 344.16537476
-18.39127731 19.83796692 344.14105225
-17.91935349 19.31252861 342.63754272
-17.96474075 19.29141045 343.61163330
-18.07940292 18.77392387 342.86633301
-18.12452126 18.75376701 343.83926392
-18.17107773 18.15254211 342.95541382
-18.37776375 18.09574318 344.11068726
-18.43447876 17.43436241 344.12878418
-17.77547455 17.14308167 342.53759766
-18.20430374 16.88877869 343.85256958
-18.12220764 16.36433220 342.85394287
-18.16838074 16.34791183 343.82763672
-18.08621788 15.82247162 342.82907104
-18.13236427 15.80695343 343.80276489
-17.90141869 15.25923157 343.52563477
-17.81890869 14.73124981 342.52584839
-17.86542892 14.71756935 343.50082397
-17.78276253 14.18858624 342.50103760
-18.02571487 14.18345356 343.72961426
-17.74658585 13.64582729 342.47613525
-18.08352852 13.52261353 343.74822998
-18.14137650 12.86207867 343.76669312
-18.10526848 12.32091999 343.74188232
-18.02175903 11.78853893 342.74261475
-18.06982803 11.77959442 343.71786499
-17.98558426 11.24617958 342.71780396
-18.03365707 11.23812962 343.69314575
-17.94934845 10.70381355 342.69308472
-17.99751472 10.69666862 343.66842651
-17.91304779 10.16135406 342.66842651
-17.87674904 9.61869526 342.64370728
-17.92575073 9.61338711 343.61972046
-17.93551254 8.95829868 342.66271973
-17.98397064 8.95405006 343.63796997
-18.18877602 8.31099510 342.93487549
-18.04219055 8.29496479 343.65621948
-18.15244865 7.76897287 342.91030884
-18.00653458 7.75333071 343.63235474
-17.92091560 7.21312761 342.63174438
-17.97024155 7.21167088 343.60775757
-17.88449287 6.67042637 342.60711670
-17.93467903 6.66985989 343.58383179
-17.84807014 6.12763834 342.58251953
-17.99317551 6.01169252 343.60183716
-17.61582565 5.56962347 342.30313110
-18.05171013 5.35382128 343.61990356
-17.77522469 5.04178381 342.53338623
-17.73937988 4.49865675 342.50958252
-17.97966766 4.27037668 343.57150269
-17.74778366 3.71177721 343.29306030
-17.86634445 3.08421159 343.40451050
-20.78736877 66.88009644 345.39712524
-20.76682281 66.32104492 345.35159302
-20.72507095 65.51340485 345.90112305
-20.66463089 64.60501099 345.55575562
-20.59478951 63.01138687 346.53710938
-20.04688835 61.55154037 345.24993896
-19.98583221 60.95661545 345.54739380
-19.99956322 59.68394852 345.37179565
-20.05636978 59.05495834 344.92553711
-19.99477005 58.46157074 345.22406006
-19.38995361 58.45872879 345.29086304
-20.79141617 56.95609665 349.53793335
-19.36894608 57.89842987 345.24426270
-20.81174278 56.43350220 349.15460205
-19.42865181 57.40172958 344.50634766
-19.37183762 56.70243835 344.99093628
-19.27961540 55.86864471 346.00100708
-20.19138718 54.79699707 348.74752808
-20.21981621 56.39969254 341.18768311
-19.31192589 55.51294708 345.16088867
-17.97456169 55.24177551 346.78259277
-20.22550964 55.68814468 341.24575806
-19.35340309 54.94348907 344.68991089
-18.00839233 54.39757156 346.94335938
-17.37925911 54.53585815 346.91302490
-20.20416451 55.12153625 341.19778442
-19.29679489 54.24790192 345.17276001
-17.30949020 53.77763748 347.65438843
-19.24022675 53.55437469 345.65463257
-17.92753792 53.25264359 347.19281006
-17.28846359 53.22005463 347.60791016
-19.22893524 52.78618622 345.97656250
-18.54686356 52.72659302 346.73312378
-17.90641785 52.69439697 347.14733887
-17.26728249 52.66222000 347.56246948
-16.66705704 52.65718079 347.63732910
-20.12577438 53.24898148 341.51226807
-19.12733650 52.17267227 346.61593628
-18.52571106 52.16790771 346.68661499
-17.88536072 52.13611221 347.10079956
-17.24622345 52.10417557 347.51708984
-16.64590645 52.09903717 347.59176636
-20.17347527 52.56644440 341.22097778
-18.50449562 51.60903931 346.64004517
-17.86411476 51.57767487 347.05538940
-20.15197945 51.99963379 341.17300415
-19.08493614 51.05511475 346.52288818
-18.48327827 51.04998779 346.59460449
-17.84290123 51.01909256 347.00881958
-16.67890358 51.03417206 346.81674194
-20.08885002 51.40616608 341.47543335
-18.49003410 50.34996033 346.65234375
-17.88871002 50.34457397 346.72503662
-17.31596375 50.19779968 346.90405273
-16.68629456 50.33337784 346.87545776
-20.02581215 50.81367493 341.77795410
-18.49682236 49.65013504 346.71005249
-17.89565086 49.64454269 346.78271484
-17.29471779 49.63881683 346.85748291
-16.69381142 49.63304138 346.93319702
-18.53818321 49.44549561 345.42413330
-17.27343750 49.07958221 346.81201172
-16.67259407 49.07371902 346.88766479
-18.50527382 48.72005081 345.82543945
-17.25212860 48.52030945 346.76541138
-16.65116119 48.51416779 346.84207153
-18.51232910 48.01906586 345.88415527
-17.23072624 47.96077728 346.71981812
-16.62982368 47.95468903 346.79553223
-18.49083138 47.45868301 345.83746338
-17.20920181 47.40119171 346.67327881
-16.60838890 47.39495468 346.74996948
-18.50928879 46.92022324 345.44717407
-17.22640991 46.86349487 346.28390503
-16.58698463 46.83502197 346.70437622
-19.31830406 46.79918671 342.68914795
-18.44786835 46.33750534 345.74322510
-17.24352455 46.32477188 345.89355469
-16.56539726 46.27515411 346.65777588
-19.21482468 46.19076920 343.33773804
-18.42621613 45.77667618 345.69763184
-17.22196198 45.76373672 345.84790039
-16.58885193 45.63610840 346.45288086
-19.15786362 45.50520325 343.82412720
-16.59839249 45.19586182 345.87789917
-19.10679817 44.72169495 344.49523926
-18.38275909 44.65481186 345.60336304
-16.61497498 44.65453720 345.48736572
-19.08495522 44.15908051 344.44747925
-18.43022156 43.97437286 345.31723022
-17.75885391 44.08678818 345.63232422
-16.58477020 43.93392563 345.89096069
-19.18578339 43.65393448 343.36001587
-18.39773941 43.25526810 345.71981812
-17.19441986 43.24098587 345.87213135
-16.59305191 43.23368835 345.94970703
-19.12279892 43.07082367 343.66009521
-18.37593269 42.69429779 345.67318726
-19.06009674 42.48870087 343.95819092
-18.39424706 42.15089798 345.28158569
-17.15096092 42.11844635 345.77871704
-20.61211205 42.39610672 340.05392456
-19.01535416 41.61377716 344.81530762
-18.37237549 41.58913803 345.23486328
-17.16816711 41.57412338 345.38803101
-21.30177689 42.02703094 338.76400757
-20.62747765 41.94380188 339.46020508
-18.99339104 41.05148697 344.76754761
-18.35047531 41.02723694 345.18716431
-17.10731506 40.99532700 345.68539429
-21.35269547 41.33351517 338.46923828
-20.65353203 41.29198837 339.24868774
-19.91488647 41.23342896 340.37908936
-19.01232910 40.50524139 344.37475586
-18.32851219 40.46517944 345.14047241
-17.16331100 40.46590424 344.94949341
-19.93496704 40.68100357 339.97692871
-19.03135681 39.95795059 343.98086548
-18.30642700 39.90298843 345.09271240
-17.04608727 39.56645584 346.49035645
-18.97451210 39.28247833 344.46588135
-18.31443787 39.20376968 345.15148926
-17.67283821 39.18067551 345.57321167
-18.32257271 38.50475311 345.21038818
-17.68119049 38.48220825 345.63104248
-19.00576401 38.28054810 343.49020386
-18.30048752 37.94265366 345.16265869
-19.01394463 37.57917404 343.54989624
-18.27843285 37.38046646 345.11489868
-18.98105621 36.86525345 343.95483398
-18.25625610 36.81800842 345.06808472
-18.84243393 36.16967392 345.12875366
-18.87285805 35.16156769 344.15762329
-18.85735130 34.50406265 344.29571533
-18.88998222 33.76391983 344.27529907
-18.24690247 33.74459839 344.69827271
-19.45824623 32.78938293 343.65002441
-18.84506226 32.63644028 344.17968750
-18.20214081 32.61795044 344.60363770
-19.46659279 32.09056091 343.70880127
-18.82248306 32.07245255 344.13183594
-18.17959404 32.05447006 344.55578613
-19.44397926 31.52602768 343.65997314
-18.75870323 31.50040627 344.42950439
-18.15710449 31.49077988 344.50793457
-18.73612404 30.93672943 344.38168335
-18.75464630 30.37997627 343.98724365
-18.11182022 30.36311722 344.41229248
-18.76367188 29.68232346 344.04617310
-18.10445404 29.61754227 344.73666382
-18.73126602 28.97932625 344.45077515
-18.13024521 28.96922112 344.53024292
-18.70853424 28.41565704 344.40292358
-18.10750961 28.40534210 344.48239136
-18.72707558 27.85648537 344.00833130
-18.08465195 27.84136391 344.43453979
-18.74576569 27.29613304 343.61367798
-18.06195068 27.27728653 344.38671875
-18.68144798 26.72724724 343.91259766
-18.03900146 26.71311760 344.33883667
-18.63548470 25.59766769 343.81576538
-18.72807884 24.90548897 343.18200684
-17.98655319 24.84367180 344.56771851
-18.69597054 24.20701790 343.58786011
-18.05346870 24.19452667 344.01522827
-18.03054810 23.62964630 343.96728516
-18.64993858 23.07623863 343.49102783
-18.00750351 23.06458855 343.91937256
-18.62670898 22.51057243 343.44305420
-17.98436737 22.49942017 343.87152100
-18.60354233 21.94496727 343.39413452
-17.92034721 21.93493271 344.16864014
-18.56712151 20.11787605 343.35723877
-17.94981956 20.06458092 343.70642090
-18.57716560 19.42290497 343.41635132
-17.93522835 19.41386986 343.84588623
-18.55384636 18.85700035 343.36737061
-17.91187668 18.84841728 343.79791260
-18.53048897 18.29093933 343.31939697
-17.88862038 18.28290939 343.74899292
-18.50701332 17.72494125 343.27041626
-17.82409859 17.72187233 344.04736328
-18.48356819 17.15868759 343.22238159
-17.79366112 17.03406334 344.45190430
-17.84549141 16.33620071 344.16577148
-18.48110771 15.20486927 343.29272461
-17.79858017 15.20593834 344.06896973
-18.49951935 14.63129330 342.89627075
-17.77516747 14.64068222 344.02102661
-18.43391037 14.07221794 343.19570923
-17.75154114 14.07532597 343.97305298
-18.45222282 13.49734783 342.79925537
-17.76909447 13.50135803 343.57855225
-18.42856216 12.93026161 342.75015259
-17.74537277 12.93520546 343.53057861
-18.41392326 12.28225136 342.88983154
-17.69936371 12.21725273 344.20260620
-18.40853310 11.55442142 343.21823120
-17.68516922 11.57179546 344.34143066
-17.70268059 10.99610519 343.94888306
-18.40323448 10.41016579 342.77258301
-17.67890167 10.43051529 343.89987183
-18.37938309 9.84292316 342.72448730
-17.61408043 9.87653542 344.19769287
-18.35547638 9.27555943 342.67541504
-17.59024239 9.31118774 344.14971924
-18.37361145 8.69528770 342.27862549
-18.30768585 8.14054871 342.57824707
-18.27699089 7.46309948 342.98443604
-17.58947754 7.36740208 344.22064209
-18.33061790 6.75781345 342.69787598
-17.56545448 6.80210257 344.17269897
-18.22239876 6.22054338 343.34359741
-17.54162025 6.23676300 344.12377930
-18.24061584 5.63843918 342.94772339
-17.55898094 5.65563869 343.73086548
-18.17434311 5.08747530 343.24664307
-17.53495598 5.08951426 343.68286133
-18.16009903 4.44484949 343.38562012
-17.51083755 4.52330160 343.63485718
-18.19800377 3.70982051 343.36557007
-20.70844841 69.31835175 345.52761841
-20.13574028 68.65879822 345.96978760
-20.54002762 68.05291748 345.60803223
-20.42965126 67.52735138 345.63333130
-19.96616936 66.69014740 346.04830933
-19.97198296 65.52267456 345.95620728
-20.81866264 64.87271881 346.03695679
-20.02992439 64.84799957 345.89602661
-20.82185555 64.28820801 345.99041748
-19.45894241 64.19795990 346.33633423
-20.12817764 62.75086975 346.58865356
-19.55820084 62.10592651 347.02597046
-19.56128502 61.52351761 346.97949219
-19.56436539 60.94101715 346.93298340
-19.56747818 60.35842133 346.88647461
-18.95072556 58.89981079 346.61770630
-18.95298195 58.31708145 346.57174683
-21.17756653 57.28136444 350.35589600
-20.34379959 57.35291672 350.22021484
-19.31623459 57.23653030 345.37036133
-19.31930542 56.65163803 345.32366943
-20.48289680 55.58100510 349.21176147
-18.74879265 56.01663589 345.76385498
-20.48653984 55.00035477 349.16452026
-20.77567291 54.44292831 348.87951660
-17.99456406 54.45134354 347.22171021
-20.28123665 53.86796188 348.45068359
-19.78257751 53.87430573 348.07009888
-19.97688675 54.22223282 347.00363159
-18.28174210 53.89263535 346.93457031
-19.78618240 53.29244995 348.02261353
-19.28618050 53.29858780 347.64355469
-18.78568649 53.30459595 347.26531982
-19.62967300 52.64722824 347.34573364
-18.44428253 52.55394363 347.56097412
-17.37610817 52.51663971 347.66467285
-16.53267670 52.35393143 347.63308716
-18.79206848 52.14026642 347.17105103
-17.31879616 51.78949738 347.72119141
-16.53561974 51.77413940 347.58651733
-19.08029938 51.57848358 346.88348389
-17.60449982 51.22930145 347.43539429
-16.53770638 51.19420624 347.54058838
-19.02239418 50.84868240 346.94079590
-17.89099121 50.66794968 347.14889526
-16.54055786 50.61422729 347.49395752
-18.96458054 50.11928558 346.99813843
-17.89377213 50.08617020 347.10211182
-16.54331398 50.03403854 347.44726563
-18.68310547 49.51781464 347.19046021
-17.89722633 49.50442123 347.05459595
-16.69463539 49.36917496 347.30999756
-19.18735886 48.93033218 347.52014160
-18.68579102 48.93542480 347.14355469
-16.42888641 48.58284378 347.56225586
-19.19010544 48.34786224 347.47320557
-18.68924141 48.35289764 347.09600830
-17.61822891 48.32278442 347.20150757
-17.11647415 48.32763290 346.82757568
-19.13300514 47.62020111 347.52999878
-18.69195557 47.77011490 347.04904175
-17.05900955 47.60071945 346.88546753
-17.00166893 46.87419128 346.94348145
-18.69793510 46.60441589 346.95437622
-18.19514084 46.60891724 346.57937622
-18.64037514 45.87679672 347.01211548
-17.42571259 45.82738876 346.45864868
-16.50366783 45.71512985 346.47845459
-16.78939819 45.14752960 346.19085693
-18.27007675 44.89157486 345.57998657
-16.50904465 44.55117798 346.38461304
-18.71701431 44.15844727 346.01287842
-18.21238518 44.16249084 345.63891602
-16.79467583 43.98228455 346.09686279
-17.87031937 43.42113495 345.93881226
-17.08112526 43.41213989 345.80834961
-17.87287331 42.83705139 345.89166260
-16.79989243 42.81644821 346.00274658
-18.16132736 42.26455307 345.60214233
-18.44968605 41.69085693 345.31265259
-17.74637032 40.98579407 345.90069580
-20.35045433 41.81383896 340.99560547
-19.02873421 40.53969193 344.73126221
-18.74520683 39.94347763 344.92620850
-18.40053177 39.20580673 345.22937012
-18.05723953 38.46994781 345.53112793
-18.05969810 37.88488007 345.48376465
-18.34891891 37.30653763 345.19342041
-19.14420319 36.72430801 345.27560425
-18.35186386 36.72061920 345.14520264
-18.64043236 36.14033127 344.85540771
-19.72575760 35.56158066 344.69332886
-18.93113327 35.55885696 344.56338501
-19.72881508 34.97367477 344.64498901
-18.93342972 34.97140884 344.51574707
-19.73175049 34.38566971 344.59655762
-18.93642807 34.38391495 344.46737671
-19.73465538 33.79758072 344.54812622
-18.93936539 33.79630661 344.41909790
-19.73758888 33.20928192 344.49960327
-18.94224167 33.20861435 344.37063599
-19.68014145 32.48109818 344.56033325
-18.88494873 32.48092651 344.43145752
-18.82765961 31.75362968 344.49237061
-19.62921143 30.57694817 344.52343750
-18.54637718 30.57782364 344.63861084
-19.63202286 29.98855782 344.47482300
-18.54919434 29.99053192 344.59008789
-19.63476944 29.40006447 344.42623901
-18.55136871 29.40309525 344.54229736
-18.55415344 28.81559944 344.49377441
-19.64035797 28.22268867 344.32891846
-18.55684662 28.22791290 344.44515991
-19.64383888 27.63393974 344.27960205
-18.49987221 27.50270462 344.50650024
-18.73022461 26.77458191 344.32470703
-18.73306656 26.18638611 344.27615356
-18.44844055 25.60261154 344.47070313
-18.73844719 25.00991631 344.17880249
-19.02935982 24.41585541 343.88632202
-18.74312019 23.83290672 344.08212280
-19.03463936 23.23748779 343.78875732
-18.68920517 22.51998520 344.09518433
-17.83322906 22.39262581 344.08288574
-18.63275528 21.79613876 344.15713501
-17.83524704 21.80460167 344.03491211
-18.34781456 21.21626854 344.35150146
-17.83784676 21.21661377 343.98620605
-18.92637062 20.60980034 343.81573486
-17.84047699 20.62853241 343.93750000
-18.92893219 20.02042007 343.76687622
-17.84243393 20.04030991 343.88940430
-18.64311028 19.44141769 343.96188354
-17.84500122 19.45192719 343.84060669
-18.64564323 18.85244560 343.91299438
-17.84686661 18.86351013 343.79248047
-17.84943199 18.27492714 343.74365234
-18.59213257 17.54100227 343.92648315
-17.43103981 17.61375237 344.09320068
-18.53602982 16.81893158 343.98892212
-17.45096207 16.84450531 344.11184692
-18.25071526 16.24347687 344.18319702
-17.45353317 16.25663185 344.06304932
-18.54033279 15.64104939 343.89175415
-17.45533752 15.66871643 344.01489258
-18.54274368 15.05188084 343.84274292
-17.45781517 15.08074093 343.96603394
-18.54521751 14.46270847 343.79379272
-17.45955658 14.49262524 343.91784668
-18.55003738 13.28396797 343.69573975
-18.49433517 12.56348038 343.75860596
-17.06467628 12.48293400 344.23739624
-18.43860626 11.84328747 343.82156372
-17.06645393 11.89542198 344.18917847
-18.44034386 11.25397873 343.77325439
-18.44272423 10.66461182 343.72415161
-18.73381042 10.05587006 343.43093872
-18.44736099 9.48568726 343.62588501
-18.73995972 8.28525448 343.28402710
-18.39593697 7.58770370 343.59167480
-18.34073448 6.86946487 343.65518188
-18.34287071 6.27993345 343.60598755
-18.34527779 5.69032335 343.55679321
-18.34677124 5.10058451 343.50827026
-18.34905815 4.51079416 343.45898438
-18.23619652 3.66679335 343.63681030
-20.23547554 57.82369995 349.85052490
-20.64038086 57.24828720 349.83688354
-20.14002991 57.23832321 349.19378662
-20.54496193 56.66213226 349.17953491
-20.17564774 56.05109787 349.13137817
-20.45486832 55.32330322 349.15277100
-20.34635925 54.57907104 349.15744019
-19.98610687 54.12709045 348.44854736
-16.81413651 53.58566666 347.82354736
-18.86668396 53.21399689 347.83441162
-16.84656143 52.40717697 347.76144409
-16.69934654 48.57625580 347.64825439
-16.61110687 47.40319443 346.96777344
-17.00816917 46.82085037 346.95156860
-18.05214310 45.94378281 346.84356689
-16.91793442 45.64576721 346.27078247
-18.37586784 45.26859283 346.23690796
-18.48286247 44.48496246 346.26635742
-18.49917603 43.89163208 346.23495483
-16.98204803 43.28181839 346.14553833
-16.99825096 42.69058609 346.11416626
-20.86006737 43.07241821 341.21676636
-18.80929375 42.11957932 345.53451538
-20.34983253 42.47581482 340.55407715
-19.82215118 42.47826004 339.92453003
-20.36419678 41.87704086 340.52273560
-19.83654976 41.88008881 339.89324951
-19.98665047 41.27615356 340.48248291
-19.61109352 40.67640305 340.44235229
-19.49852562 39.93347168 340.45269775
-19.13373375 39.18552017 341.07318115
-18.22204018 39.19102859 340.43630981
-18.76011848 38.58923340 341.03231812
-18.15906525 37.67770004 344.76037598
-18.77446365 37.99285507 341.00103760
-18.40082550 37.39816666 340.96014404
-19.09043312 36.47880173 345.34451294
-18.19067764 36.48943329 344.69735718
-18.93992996 36.79435349 341.55691528
-19.10679626 35.88327408 345.31286621
-18.59202957 35.89191055 344.67929077
-18.60839653 35.29688644 344.64767456
-19.01074600 34.69738388 344.62960815
-18.94577026 34.81281281 341.52185059
-19.02710915 34.10166168 344.59793091
-18.36141205 34.12787628 341.50482178
-19.04344177 33.50572968 344.56628418
-18.37478447 33.53199005 341.47332764
-18.77721596 32.92970276 341.45220947
-18.68811798 32.32052612 344.48937988
-18.57848740 31.58479118 344.49896240
-18.55561066 31.73838615 341.99652100
-18.08570290 30.85767937 344.49505615
-18.10005569 30.26302338 344.46328735
-19.14336014 29.78393936 345.03646851
-17.73226929 29.67761612 344.41815186
-18.17620468 29.76901627 341.95114136
-19.03470421 29.04842186 345.04605103
-17.74763107 29.08337402 344.38644409
-18.36497116 29.07336807 341.95535278
-19.05103683 28.45230293 345.01419067
-18.53322029 28.46783829 344.38171387
-19.45453644 27.84488487 344.99664307
-17.77927399 27.89461517 344.32302856
-17.76012993 27.89838600 342.48626709
-19.08378792 27.25977135 344.95050049
-17.79460716 27.30007935 344.29129028
-17.77448273 27.30322266 342.45468140
-19.10015106 26.66335297 344.91857910
-17.68587303 26.56773567 344.30145264
-17.66476631 26.56992722 342.46585083
-17.96131325 25.82256889 344.32534790
-18.37921715 24.61832428 344.27560425
-18.78077888 24.00759125 344.25762939
-17.87461090 24.04240036 343.61380005
-18.41093826 23.42686844 344.21200562
-17.88994026 23.44715691 343.58212280
-16.98468781 23.48314285 342.94171143
-18.42626572 22.83103180 344.18017578
-17.90526772 22.85192108 343.55032349
-18.44265938 22.23501778 344.14834595
-17.53638268 22.27337646 343.50576782
-18.24619484 21.55440712 344.14062500
-17.42762947 21.54298973 343.51708984
-19.26323128 20.40957260 344.07998657
-18.37996483 19.71552849 344.06408691
-17.34954071 19.62391663 343.46511841
-17.88594627 19.00464821 344.06173706
-17.36490440 19.02928543 343.43341064
-18.03802681 18.40477371 344.64553833
-17.90124321 18.40931320 344.02990723
-16.99592018 18.45504761 343.38861084
-18.43870544 17.78820229 344.62808228
-17.91763878 17.81389809 343.99807739
-17.01122284 17.86080933 343.35693359
-18.45503616 17.19208908 344.59606934
-17.93299675 17.21846581 343.96621704
-17.02658653 17.26647377 343.32516479
-18.47136688 16.59587860 344.56408691
-17.94832420 16.62283516 343.93432617
-17.04188919 16.67213631 343.29342651
-17.98004532 15.43148804 343.87054443
-18.90486717 14.78269291 344.48239136
-17.87026596 14.70305538 343.88269043
-16.83956146 14.62356281 343.28604126
-17.76142883 13.97503567 343.89483643
-16.85492516 14.02942467 343.25436401
-18.82691193 12.85922527 344.43041992
-17.79312134 12.78408527 343.83114624
-16.88556099 12.84085178 343.19088745
-18.33165359 12.15713120 344.42816162
-17.80847931 12.18845463 343.79925537
-16.89988708 12.24639702 343.15914917
-17.96260452 11.58816338 344.38168335
-17.82386589 11.59272003 343.76742554
-16.91524887 11.65196228 343.12734985
-18.36339951 10.96449375 344.36413574
-17.83922386 10.99699116 343.73550415
-18.37973022 10.36808300 344.33209229
-18.39514351 9.77152348 344.30010986
-17.86993408 9.80525970 343.67166138
-16.96023941 9.86808491 343.03204346
-18.42688560 8.57830906 344.23602295
-17.90064812 8.61327744 343.60778809
-18.31702042 7.85198689 344.24887085
-17.79075432 7.88758850 343.62084961
-16.75781250 7.82470036 343.02658081
-17.82271957 7.15778303 344.24722290
-17.68193245 7.16233253 343.63403320
-18.23890495 5.93329287 344.19781494
-16.80185699 6.04113483 342.93133545
-17.20070648 5.41308737 342.91271973
-17.74335861 4.77901459 343.50643921
-17.21603584 4.81780100 342.88088989
-18.16079330 4.01586437 344.14739990
-17.63344383 4.05525541 343.52026367
-19.10894203 67.85353851 342.84872437
-19.09460449 66.14130402 343.59118652
-18.64716148 64.27770996 344.80804443
-18.55417252 64.38773346 343.81738281
-18.85257721 62.64359665 344.89047241
-18.77036285 59.05731964 344.68386841
-18.78427505 58.47681427 344.67016602
-18.60811424 57.81642532 344.49850464
-19.36951447 57.05628967 345.31527710
-19.88325119 56.99554062 341.62792969
-20.39388275 57.43886948 349.34912109
-19.89622307 56.41582870 341.61370850
-18.34383583 55.85091019 344.24401855
-19.64485550 55.82582474 341.34204102
-18.04122162 55.27392197 344.75814819
-18.35766411 55.27110291 344.23034668
-19.39407349 55.23682404 341.07110596
-18.58071327 54.71231842 345.26681519
-19.36034393 54.67019272 341.84249878
-19.07567406 54.45798492 340.81378174
-18.06978607 54.11390686 344.73132324
-19.37340927 54.09078217 341.82821655
-18.08370018 53.53379822 344.71762085
-18.09770775 52.95359421 344.70382690
-19.39950752 52.93155670 341.79965210
-17.84925842 52.36638641 344.42922974
-17.86323738 51.78658295 344.41543579
-19.37857819 51.78138733 342.55847168
-18.13975716 51.21237946 344.66241455
-18.96335602 51.09725952 342.16470337
-18.29846573 50.49292755 344.85443115
-18.16712761 50.05126572 344.63406372
-18.06482124 49.32701492 344.56661987
-18.78974724 49.26811600 342.78765869
-18.22422791 48.60665894 344.75930786
-18.63820648 48.59145737 342.65216064
-17.99068832 47.44255447 344.47137451
-18.92743874 47.43376541 342.88238525
-18.21304703 46.86784744 345.50848389
-18.00475311 46.86194992 344.45751953
-18.94065094 46.85325623 342.86795044
-16.23485947 46.29084778 346.03332520
-18.01875687 46.28134155 344.44375610
-18.69161797 46.27172089 342.59533691
-16.50891113 45.71158600 346.28134155
-18.24186707 45.70413971 345.48150635
-17.77122307 45.70024490 344.16964722
-19.23126793 45.69227600 343.09963989
-20.72862053 45.68087769 341.23086548
-16.52380180 45.13128662 346.26803589
-18.25671959 45.12213898 345.46829224
-17.78519821 45.11993790 344.15588379
-19.24450874 45.11087036 343.08520508
-18.27080727 44.54003143 345.45437622
-18.06022072 44.53882980 344.40151978
-19.25844765 44.52946091 343.07144165
-16.81358528 43.96912766 346.50338745
-18.28489876 43.95792770 345.44052124
-18.33727646 43.95652390 344.64935303
-19.53523064 43.94658279 343.31671143
-18.56218719 43.37370682 345.68948364
-18.35136986 43.37482071 344.63549805
-16.84277916 42.80673981 346.47598267
-18.57636452 42.79090500 345.67547607
-18.10241127 42.79561996 344.35992432
-18.82241249 42.69464493 343.43777466
-20.14226532 42.63521576 340.58892822
-18.32801628 42.21102524 345.39941406
-18.37951851 42.21131516 344.60772705
-19.77277374 41.91702271 340.26538086
-19.81109238 41.91764450 339.47686768
-19.84736252 41.91813278 338.68902588
-18.34219360 41.62852478 345.38546753
-18.13066101 41.63311005 344.33212280
-18.44231033 41.63035202 343.80206299
-19.78507423 41.33700562 340.25045776
-19.82333374 41.33812714 339.46203613
-18.23846436 40.90594864 345.31802368
-18.02757645 40.91193771 344.26541138
-18.33840370 40.90906906 343.73480225
-19.75779724 40.75512314 341.02526855
-19.15306664 40.62641525 339.67169189
-18.23507881 40.18828201 343.66836548
-19.24416161 40.18446732 340.49676514
-17.96776009 39.16126251 345.80761719
-18.16352081 39.01925659 345.22357178
-18.33206177 39.16191864 344.48486328
-18.26244354 39.02606964 343.64001465
-18.49008560 38.43412018 344.67889404
-18.27644539 38.44486618 343.62619019
-18.97862625 38.44760513 340.98416138
-17.98074722 37.86634064 344.14331055
-18.29044724 37.86365891 343.61239624
-18.87430382 37.72938919 340.91867065
-18.73191452 37.25600052 345.70800781
-18.25618553 37.27702332 344.38995361
-18.30374718 37.28225327 343.59786987
-18.74611664 36.67219543 345.69400024
-18.79582405 36.67798996 344.89987183
-18.31783867 36.70085144 343.58401489
-18.54716301 36.10380554 344.62408447
-18.33183861 36.11934280 343.57022095
-18.98934937 36.12066650 341.71591187
-18.56128120 35.52099991 344.61016846
-18.34523010 35.53774261 343.55563354
-17.98103905 35.29432297 340.82592773
-18.57536697 34.93819809 344.59628296
-18.35932350 34.95603943 343.54177856
-18.58954239 34.35529709 344.58230591
-18.37261963 34.37433624 343.52722168
-18.95878410 34.19139862 341.69018555
-19.12920952 33.74956131 345.09216309
-18.54293442 33.53456497 341.29705811
-18.61783409 33.18919754 344.55444336
-17.99146652 32.96909714 341.55661011
-18.25032616 32.48229980 344.22610474
-18.17779541 32.35620880 343.38134766
-18.26652527 32.37660980 341.80081177
-18.14621925 31.76388931 344.16043091
-18.27974129 31.79629898 341.78634644
-17.89835358 31.19550133 343.88519287
-17.91310883 31.09454918 341.46273804
-18.43625641 30.58485794 344.39407349
-18.82992554 30.60662842 342.27468872
-18.18778229 30.01697731 344.11807251
-18.84307098 30.02491570 342.26031494
-18.20186996 29.43457222 344.10418701
-18.24651337 29.44777870 343.31082153
-17.90973663 29.34201431 342.20843506
-18.21595764 28.85206985 344.09027100
-18.26051140 28.86597443 343.29699707
-17.80561256 28.62718582 342.14416504
-18.23007202 28.26946449 344.07641602
-18.01208115 28.30066872 343.02236938
-18.24345779 27.68686295 344.06176758
-18.28726006 27.70196152 343.26788330
-17.83197975 27.46656609 342.11541748
-18.51954079 27.08624077 344.30917358
-17.84519196 26.88615608 342.10095215
-18.27166176 26.52135277 344.03402710
-18.16619301 25.80512428 343.96829224
-17.99637222 25.79048157 342.98483276
-18.06133270 25.08929253 343.90335083
-17.58299828 25.14650536 342.59063721
-17.81365013 24.52721786 343.62802124
-17.85718727 24.54548836 342.83569336
-18.16316605 24.03818703 344.72067261
-17.82764816 23.94531059 343.61422729
-17.87042809 23.96417999 342.82125854
-18.05830574 23.32215691 344.65573120
-17.84103584 23.36320686 343.59960938
-17.88372612 23.38277435 342.80676270
-17.81108475 22.76099396 344.37991333
-17.85506439 22.78109932 343.58581543
-17.63611794 22.82337761 342.53271484
-17.82517242 22.17819023 344.36599731
-17.86842155 22.19899750 343.57119751
-17.83858871 21.59538651 344.35140991
-17.62130165 21.63991737 343.29669189
-17.85276413 21.01248169 344.33743286
-17.51605988 20.92727089 343.23214722
-18.12823105 20.40504074 344.58544922
-16.89162064 20.26398849 342.64877319
-17.88096428 19.84647942 344.30966187
-17.72791290 19.18499565 344.17422485
-17.60465050 19.13059998 343.26007080
-16.93211555 18.52326775 342.60604858
-16.94536018 17.94285965 342.59164429
-17.69761086 17.25437546 344.15246582
-17.47850800 17.30759239 343.09671021
-17.71102524 16.67146873 344.13784790
-17.49253845 16.72598648 343.08288574
-17.72504997 16.08856392 344.12402344
-17.50574684 16.14437866 343.06845093
-17.73843384 15.50566196 344.10940552
-17.77939796 15.53344154 343.31402588
-17.75248718 14.92265606 344.09558105
-17.53231049 14.98086452 343.03948975
-17.76586914 14.33965206 344.08093262
-17.54563904 14.39895725 343.02496338
-17.77989388 13.75654697 344.06713867
-17.79324722 13.17334080 344.05261230
-17.83318710 13.20371246 343.25686646
-17.63969421 12.51594257 343.91766357
-17.51371002 12.47270966 343.00338745
-17.72782707 10.71355438 343.94607544
-17.38691902 10.65368176 342.84075928
-17.62150192 10.00380707 343.88256836
-17.40012360 10.07197380 342.82629395
-17.41256905 9.49024296 342.81118774
-17.64802361 8.83785248 343.85360718
-17.42574501 8.90848255 342.79678345
-17.66128540 8.25481415 343.83917236
-17.43891907 8.32667160 342.78244019
-17.67460823 7.67173815 343.82461548
-17.45209503 7.74483156 342.76803589
-17.94961357 7.05104542 344.07315063
-17.72542953 7.12555313 343.01394653
-17.96286964 6.46730804 344.05862427
-17.73790359 6.54306364 342.99884033
-17.71432686 5.92227125 343.78128052
-17.37079430 5.87458515 342.67572021
-18.15585709 3.96752954 344.21408081
-17.54933548 3.96498108 342.84402466
-19.88769913 68.74089813 343.83599854
-19.89949989 68.20899963 344.17199707
-19.91130066 67.67600250 344.50900269
-19.23489952 66.74900055 342.75000000
-19.92300034 67.14189911 344.84698486
-19.24589920 66.21690369 343.08499146
-19.93470001 66.60679626 345.18600464
-19.25169945 65.66459656 343.08300781
-19.31629944 65.31140137 344.20401001
-19.27359962 64.59600067 343.75299072
-19.38789940 63.82569885 344.98599243
-18.71800041 62.93500137 343.56100464
-18.78240013 62.00139999 344.34399414
-18.74029922 61.28990173 343.89401245
-18.74189949 60.72140121 343.55300903
-18.75670052 60.19580078 344.22900391
-18.76269913 59.64110184 344.22698975
-18.76880074 59.08639908 344.22500610
-18.21290016 58.57289886 345.05499268
-18.77479935 58.53150177 344.22299194
-18.78089905 57.97660065 344.22198486
-18.74979973 57.30530167 343.99700928
-17.66020012 56.92110062 345.20199585
-18.69599915 56.56600189 343.32199097
-18.80769920 56.33209991 344.89498901
-19.72080040 55.65259933 341.11599731
-18.75349998 55.59299850 344.21798706
-19.72669983 55.10189819 341.11401367
-18.71820068 54.91379929 343.65499878
-19.17959976 54.02489853 341.59899902
-17.69729996 54.15589905 345.87799072
-18.23450089 54.03590012 345.19601440
-18.76429939 53.90539932 344.06298828
-19.18110085 53.46580124 341.26300049
-18.74029922 53.25780106 343.98699951
-19.19149971 52.92190170 341.59500122
-19.74530029 52.89120102 340.76998901
-17.70680046 53.03319931 345.53399658
-18.74239922 52.69559860 343.64700317
-19.20190048 52.37689972 341.92700195
-17.66810036 52.33779907 345.42199707
-18.19070053 52.17670059 344.81698608
-18.75250053 52.14730072 343.98400879
-19.20789909 51.82469940 341.92498779
-19.76219940 51.79610062 341.09899902
-17.06019974 51.66510010 345.80398560
-17.62940025 51.64270020 345.31100464
-18.19680023 51.62030029 344.81600952
-18.75860023 51.59199905 343.98199463
-19.21389961 51.27239990 341.92300415
-19.70949936 51.06480026 341.06399536
-18.20299911 51.06380081 344.81399536
-18.76479912 51.03659821 343.98001099
-19.22850037 50.73030090 342.59298706
-17.11779976 50.68750000 345.91299438
-17.67280006 50.62200165 345.49499512
-18.20919991 50.50730133 344.81298828
-18.77090073 50.48109818 343.97799683
-19.23019981 50.17219925 342.25399780
-17.07900047 49.99219894 345.80099487
-17.64800072 49.97140121 345.30700684
-18.21529961 49.95069885 344.81100464
-18.77700043 49.92549896 343.97601318
-17.08530045 49.43450165 345.79998779
-17.65690041 49.41809845 345.64599609
-18.22150040 49.39390182 344.80999756
-18.74769974 49.27389908 343.45098877
-17.65780067 48.85350037 344.96301270
-18.69070053 48.53540039 343.07800293
-19.25259972 48.51599884 342.58401489
-17.09370041 48.31290054 345.11599731
-17.66410065 48.29660034 344.96200562
-18.23399925 48.28030014 344.80700684
-18.80330086 48.26399994 344.64999390
-19.25869942 47.96220016 342.58200073
-17.10420036 47.76060104 345.79699707
-17.67040062 47.73960114 344.95999146
-18.24020004 47.72340012 344.80499268
-18.74830055 47.54040146 343.97399902
-19.26899910 47.41040039 342.91699219
-17.11059952 47.20249939 345.79598999
-17.68199921 47.18619919 345.64099121
-18.71619987 46.87530136 343.74899292
-19.27079964 46.85449982 342.57800293
-17.11689949 46.64429855 345.79501343
-17.68569946 46.62680054 345.29901123
-19.27689934 46.30049896 342.57598877
-16.55279922 46.10309982 346.29000854
-17.12330055 46.08610153 345.79400635
-17.69199944 46.06909943 345.29699707
-18.21290016 45.91669846 344.69000244
-18.73200035 45.76449966 344.08401489
-19.29549980 45.74779892 343.58700562
-17.12969971 45.52780151 345.79199219
-18.17300034 45.22449875 344.57901001
-18.73819923 45.20830154 344.08200073
-19.29739952 45.19219971 343.24600220
-16.56570053 44.98529816 346.28799438
-17.13610077 44.96929932 345.79098511
-17.70730019 44.95320129 345.63598633
-18.74430084 44.65200043 344.08099365
-19.25309944 44.50320053 342.79800415
-17.09630013 44.27600098 345.67999268
-17.71360016 44.39469910 345.63400269
-18.18540001 44.11069870 344.57598877
-18.75049973 44.09560013 344.07901001
-18.19169998 43.55369949 344.57400513
-18.75659943 43.53910065 344.07699585
-19.31990051 43.52460098 343.57800293
-17.15920067 43.29000092 346.47299194
-18.19790077 42.99660110 344.57299805
-18.76280022 42.98260117 344.07501221
-19.27529907 42.83700180 343.12899780
-17.12770081 42.62369919 346.24700928
-18.20700073 42.43679810 344.91198730
-18.76899910 42.42599869 344.07299805
-19.67550087 41.88710022 340.29400635
-20.17440033 41.74840164 339.03100586
-20.68020058 41.60350037 338.43200684
-17.07550049 41.90819931 345.56500244
-18.21319962 41.87900162 344.91000366
-18.77519989 41.86930084 344.07101440
-19.68560028 41.33240128 340.62500000
-20.13360023 41.06719971 338.92199707
-18.21949959 41.32120132 344.90899658
-18.73909950 41.21120071 343.50799561
-19.68729973 40.78490067 340.29000854
-17.09149933 40.78290176 346.24798584
-17.65870094 40.77519989 345.40600586
-18.22570038 40.76330185 344.90701294
-18.68390083 40.50289917 342.83401489
-19.09659958 40.16830063 339.93301392
-17.66720009 40.21189880 345.74700928
-18.23200035 40.20529938 344.90499878
-18.79730034 40.19409943 344.40499878
-19.14599991 39.68799973 341.11300659
-17.67350006 39.65269852 345.74499512
-18.20590019 39.56050110 344.71701050
-18.75289917 39.50920105 343.95401001
-19.14839935 39.14130020 340.77700806
-17.67989922 39.09349823 345.74398804
-18.24740028 39.08330154 345.24301147
-18.71190071 38.81990051 343.84298706
-19.15069962 38.59560013 340.44100952
-18.25359917 38.52460098 345.24200439
-18.71489906 38.26979828 343.50201416
-18.21229935 37.83349991 345.13101196
-18.72100067 37.71360016 343.50100708
-19.17009926 37.47800064 341.10400391
-18.16609955 37.15800095 344.33700562
-18.73040009 37.14970016 343.83801270
-19.17620087 36.92539978 341.10101318
-18.17230034 36.60060120 344.33599854
-18.73649979 36.59289932 343.83599854
-19.18230057 36.37260056 341.09899902
-18.17860031 36.04309845 344.33401489
-18.73649979 36.05319977 343.15600586
-19.18829918 35.81980133 341.09698486
-18.18479919 35.48550034 344.33200073
-18.63859940 35.26399994 341.92700195
-18.19109917 34.92789841 344.32998657
-18.75510025 34.92190170 343.82998657
-18.19729996 34.37020111 344.32901001
-18.64789963 34.16630173 341.58700562
-18.20599937 33.80170059 344.66799927
-18.70759964 33.72079849 342.36499023
-18.20989990 33.25460052 344.32501221
-18.66889954 33.02470016 342.59201050
-18.66930008 32.49319839 341.91598511
-18.62759972 31.81019974 341.80700684
-18.19820023 31.48579979 344.47399902
-18.68740082 31.35860062 342.58499146
-18.13619995 30.77779961 343.76000977
-18.69630051 30.78949928 342.92098999
-18.70529938 30.21929932 343.25601196
-18.15080070 29.64879990 344.09600830
-18.71139908 29.66270065 343.25399780
-18.15710068 29.09090042 344.09399414
-18.72030067 29.09070015 343.59100342
-18.72640038 28.53339958 343.58898926
-18.73530006 27.95980072 343.92700195
-18.11280060 26.72400093 343.26400757
-18.11899948 26.16720009 343.26199341
-18.08860016 25.56259918 342.51098633
-18.12400055 25.02280045 343.40899658
-18.10280037 24.43169975 342.84500122
-18.10899925 23.87529945 342.84201050
-18.11700058 23.29829979 343.17800903
-18.12129974 22.76239967 342.83801270
-17.56520081 22.19910049 343.33898926
-18.12560081 22.22750092 342.49798584
-17.57150078 21.64189911 343.33700562
-17.57640076 21.10729980 342.99600220
-17.58399963 20.52739906 343.33300781
-17.59140015 19.94630051 343.67001343
-17.59880066 19.36409950 344.00799561
-18.15819931 19.42250061 342.82400513
-17.57040024 18.75629997 343.48098755
-18.11300087 18.76679993 342.37600708
-17.50959969 18.05069923 343.10800171
-18.07270050 18.03639984 342.94198608
-17.61870003 17.66270065 344.34201050
-18.07719994 17.50530052 342.60198975
-17.57379913 17.00670052 343.89099121
-18.08320045 16.94879913 342.59899902
-17.52799988 16.37929916 343.10198975
-18.08930016 16.39220047 342.59698486
-18.09690094 15.80799961 342.93200684
-17.56710052 15.26980019 343.82998657
-18.10140038 15.27890015 342.59201050
-17.54730034 14.67889977 343.43399048
-18.10740089 14.72220039 342.58898926
-17.55430031 14.09179974 343.77099609
-18.11350060 14.16539955 342.58599854
-17.56130028 13.50349998 344.10998535
-18.11949921 13.60859966 342.58300781
-17.56739998 12.94449997 344.10699463
-18.12700081 13.02159977 342.92001343
-17.57259941 12.41629982 343.76400757
-18.13299942 12.46420002 342.91699219
-17.57869911 11.85770035 343.76199341
-18.14189911 11.84410000 343.59298706
-17.58559990 11.26710033 344.10000610
-18.14649963 11.31739998 343.25000000
-17.59090042 10.74040031 343.75698853
-18.10020065 10.67119980 342.80099487
-17.60379982 9.58942986 344.09201050
-17.57559967 8.96152973 343.90399170
-18.09320068 8.92222023 342.90899658
-18.07290077 8.32205009 342.68200684
-18.07880020 7.76479006 342.67898560
-17.52499962 7.14909983 343.52499390
-18.08469963 7.20748997 342.67599487
-17.53089905 6.59062004 343.52200317
-18.09049988 6.65016985 342.67300415
-17.53689957 6.03211021 343.51901245
-18.09639931 6.09281015 342.67001343
-17.54330063 5.43617010 343.85699463
-18.10339928 5.49819994 343.00601196
-17.54870033 4.91500998 343.51400757
-18.10919952 4.94024992 343.00201416
-17.55459976 4.35641003 343.51098633
-18.06229973 4.30286980 342.55300903
