-27.04537392 52.77348709 343.02130127
-32.39614868 51.29204559 346.77081299
-32.43075943 50.63637924 346.67269897
-31.21178436 49.90471268 347.22714233
-22.54803467 49.98656464 342.81515503
-31.24533081 49.24786758 347.12966919
-23.28567696 49.29314804 342.81207275
-30.28227997 48.89648819 347.37319946
-25.51110077 48.48531723 342.87933350
-28.61250877 48.69954300 348.36114502
-30.27787399 48.36937332 347.37377930
-25.45788574 47.87645340 342.88690186
-28.38393211 48.05785751 347.76174927
-29.08989334 48.02281189 347.83224487
-29.73506737 47.94697571 347.93972778
-27.67271233 47.68135071 348.50808716
-29.56544685 47.34894180 347.30557251
-27.62747955 47.16324997 347.79150391
-28.11281776 47.13623428 348.07812500
-29.11976433 46.83436203 347.73455811
-27.62307167 46.63294220 347.79208374
-28.36976433 46.46910858 347.76419067
-28.14115715 45.83054352 347.16622925
-28.62548828 45.80354309 347.45184326
-27.12800217 45.59904099 347.50726318
-27.16203308 44.82622910 346.59600830
-27.38467407 44.93392181 347.19592285
-27.15704536 44.29692841 346.59741211
-26.79843330 43.72821426 346.15597534
-26.21682167 43.27205276 346.73825073
-26.17409515 42.76230621 346.02560425
-24.72230530 40.31528091 341.93783569
-23.23430824 40.09637070 341.95996094
-23.71326828 40.06965256 342.25442505
-22.74967957 36.92912292 342.39331055
-22.54843330 36.36626816 343.31460571
-22.54234695 35.83648300 343.31793213
-20.83873367 35.41698837 341.92999268
-20.40896988 35.37654114 343.05865479
-22.53631973 35.30648422 343.32131958
-22.53105927 34.77647400 343.32391357
-20.65036392 34.28223038 343.57269287
-20.87238121 33.75504303 343.36740112
-21.81063080 33.73800278 343.24478149
-20.32962418 33.46171570 343.98739624
-21.57704926 33.20187759 343.45736694
-20.36375046 32.80428314 343.89163208
-21.34346581 32.66475296 343.67004395
-20.62582779 32.15333939 343.58715820
-20.61989403 31.62094498 343.59057617
-19.69499969 31.26826668 343.77868652
-20.38441849 31.08125305 343.80419922
-20.37857437 30.54824066 343.80764771
-18.92236710 30.09539795 342.91806030
-19.42885971 30.02550888 343.93389893
-20.14297485 30.00695610 344.02124023
-18.68515205 29.55353928 343.13128662
-19.42219162 29.49132729 343.93801880
-19.90670586 29.46457672 344.23547363
-18.44790459 29.01068878 343.34454346
-19.41631699 28.95711327 343.94161987
-20.36076546 28.94874191 343.81814575
-18.46269417 28.43035126 344.06805420
-19.40967941 28.42282677 343.94580078
-20.35483170 28.41543770 343.82168579
-18.45611763 27.89496231 344.07235718
-19.40310287 27.88843536 343.95010376
-18.21761703 27.34893036 344.28723145
-19.39722633 27.35404015 343.95364380
-18.44366455 26.82407188 344.08023071
-19.66156769 26.70866394 343.64712524
-18.20516396 26.27692986 344.29507446
-19.92459488 26.06471825 343.34207153
-18.43053818 25.75279617 344.08880615
-18.55974007 25.16270828 343.93795776
-19.57948875 25.06213570 343.69534302
-18.45680428 24.56017494 343.99758911
-19.41563606 23.95767021 343.06204224
-18.81211662 23.44932938 343.63977051
-18.94119644 22.86124420 343.48880005
-19.07036972 22.27416229 343.33786011
-17.98026085 21.78731346 343.61895752
-18.69816208 21.77628899 343.70574951
-17.97380447 21.25152206 343.62332153
-18.69164467 21.24099731 343.71014404
-17.96805191 20.71561432 343.62707520
-18.68595314 20.70558929 343.71383667
-17.72820473 20.16270256 343.84210205
-18.44784737 20.15315819 343.92779541
-17.48902893 19.60868835 344.05642700
-18.67353058 19.63469124 343.72189331
-17.48250961 19.07158470 344.06076050
-18.43551445 19.08115578 343.93588257
-17.47681808 18.53448677 344.06448364
-17.47029877 17.99729538 344.06893921
-18.42400551 18.00884056 343.94323730
-17.46384430 17.46009445 344.07336426
-18.45611954 17.35413742 343.84689331
-17.21729279 16.36490631 344.29275513
-17.31532288 15.75539207 344.15881348
-18.43794250 15.74564648 343.85858154
-18.46993446 15.09173584 343.76208496
-17.29735756 14.14218521 344.17083740
-18.22506142 13.99691200 343.98022461
-17.49825668 13.46338081 343.89978027
-18.21918678 13.46020794 343.98385620
-17.49253464 12.92598438 343.90347290
-18.21330833 12.92340279 343.98754883
-17.25149155 12.36468697 344.11892700
-18.20758629 12.38649654 343.99127197
-17.24567604 11.82668304 344.12268066
-18.20176888 11.84959602 343.99493408
-17.23995209 11.28877544 344.12643433
-18.19598579 11.31269646 343.99856567
-16.99811554 10.72519779 344.34249878
-17.95680618 10.75026989 344.21304321
-16.99239159 10.18659401 344.34628296
-17.95095825 10.21276283 344.21676636
-17.22204590 9.67447758 344.13833618
-17.94520378 9.67515850 344.22039795
-16.98091125 9.10928917 344.35372925
-16.97515678 8.57060814 344.35751343
-17.09333038 7.95106649 344.19573975
-18.00263977 7.83220625 344.02883911
-17.50867844 7.32046890 343.73999023
-17.99682426 7.29481602 344.03244019
-17.99097824 6.75737762 344.03616333
-16.88973808 6.22889566 344.32659912
-17.02089691 5.64782763 344.17330933
-16.52617455 5.13489866 343.88372803
-17.25067711 5.13973045 343.96560669
-16.52044868 4.59618521 343.88751221
-17.24498177 4.60156822 343.96932983
-16.74998283 4.08882761 343.68096924
-17.47405815 4.09480953 343.76232910
-16.63216591 3.44093728 343.73010254
-17.67414284 3.42768478 343.49026489
-16.81268501 2.78653407 343.48507690
-14.08051682 1.88526440 333.13125610
-21.89219284 1.65371704 347.87503052
-27.33822823 52.47131348 343.30517578
-26.73876762 51.99612045 343.24667358
-26.83562088 51.96421432 343.79348755
-26.71544838 51.48389053 343.24166870
-27.10040283 51.43435287 343.81466675
-26.78895187 50.93949509 343.78338623
-30.96920013 49.93162918 347.14440918
-31.44156837 49.75737000 347.67181396
-31.54760933 49.72486115 348.20977783
-26.47655487 50.44375610 343.75192261
-26.06718254 49.97923660 343.17282104
-26.16403580 49.94702148 343.72042847
-26.04389381 49.46570587 343.16790771
-26.14068413 49.43350983 343.71554565
-30.35503960 48.53242874 347.65658569
-25.43914795 48.98311996 343.10861206
-25.63575172 48.91844940 344.20550537
-29.47900581 48.06781387 347.58258057
-25.12458229 48.48366547 343.07650757
-25.51350403 48.43610764 343.65225220
-28.42348289 47.85235214 347.57757568
-24.80992508 47.98333359 343.04418945
-25.49018478 47.92141342 343.64739990
-27.82560349 47.36900711 347.52606201
-24.29882622 47.46377563 343.53454590
-24.98210716 47.40254974 344.13784790
-28.27631760 46.73687744 347.52557373
-24.66634941 46.90052032 344.10641479
-28.53207016 46.06659317 347.49258423
-23.48504257 46.71003723 343.53924561
-24.05635262 46.41097260 344.04815674
-27.07608414 45.88948441 346.91958618
-24.03287888 45.89355850 344.04327393
-27.43035316 45.23820496 346.90341187
-23.61636162 45.42157364 343.46066284
-23.71507454 45.38870621 344.01159668
-23.59276581 44.90353012 343.45578003
-27.30952072 44.20323944 346.33758545
-26.67970467 43.75345230 346.29510498
-23.44988823 43.81241989 344.52127075
-26.36586952 43.24993134 346.26553345
-25.96379662 42.86978531 346.27154541
-23.40184021 42.77471161 344.51181030
-23.08284378 42.26560593 344.48043823
-25.23032761 41.89083862 345.66464233
-25.20783234 41.37418365 345.65994263
-22.11054611 40.45783234 344.83920288
-24.26022148 40.52839279 345.63012695
-23.94297981 40.03977203 342.29891968
-24.25798225 39.84731293 345.56896973
-22.47362328 39.64867783 344.95568848
-22.71812248 39.03310013 342.17495728
-22.04993057 39.16856384 344.37197876
-22.55374146 39.09410095 345.50289917
-22.32274246 38.64006424 344.39447021
-22.32294846 38.45577621 345.43563843
-21.40555382 38.13835526 344.30859375
-22.15203667 37.45194244 342.65628052
-21.47318268 37.49185181 344.26742554
-22.17087555 37.44643021 344.87429810
-22.12742996 36.93103409 342.65188599
-21.53986549 36.84577179 344.22613525
-22.11124992 36.31335449 344.27642822
-21.58466530 35.86410522 343.13882446
-22.08658600 35.79176331 344.27188110
-22.15412903 35.33380127 343.19104004
-20.73791885 34.89519501 341.96426392
-22.12949371 34.81251526 343.18670654
-20.72150040 34.46053314 342.55093384
-22.10485840 34.29100037 343.18240356
-20.88969994 33.78049850 343.06427002
-21.58861732 33.74087143 343.67422485
-21.26622772 33.22059250 343.64184570
-20.94289207 32.69934082 343.60949707
-20.61848831 32.17702866 343.57693481
-21.02184868 32.14145660 344.15866089
-19.40532684 31.93420029 343.00628662
-20.29402161 31.65381432 343.54440308
-20.69839096 31.61849403 344.12658691
-19.47289276 31.28630066 342.96487427
-19.96861076 31.12955666 343.51165771
-20.37389374 31.09457207 344.09451294
-19.23876762 30.63877678 342.89416504
-19.94378853 30.60415649 343.50741577
-20.34916687 30.56978035 344.09030151
-19.61828613 30.07839012 343.47463989
-20.62512016 30.04516029 344.11389160
-18.42016029 29.66532326 342.84274292
-19.59346390 29.55239105 343.47048950
-20.30059433 29.51964569 344.08181763
-18.25602531 29.05584526 342.79379272
-19.56870461 29.02629280 343.46636963
-19.97499657 28.99306870 344.04959106
-18.93927956 28.49667931 343.40460205
-20.11179352 28.38754082 344.02941895
-18.30780983 27.96503448 343.34277344
-20.41011429 27.70301056 343.99322510
-18.58675385 27.43948555 343.36764526
-19.29693604 27.41018486 343.98089600
-18.86469269 26.91477394 343.39248657
-19.36550903 26.76297379 343.93838501
-18.81489754 25.85976791 343.38442993
-18.88249397 25.21239471 343.34188843
-19.22084045 25.14074326 343.90380859
-18.55375290 24.67993927 343.30892944
-19.35864258 24.53560066 343.88339233
-18.19414139 24.18611336 343.28866577
-19.33378983 24.00858879 343.87939453
-18.59744263 23.50422478 343.26223755
-19.30893898 23.48149300 343.87542725
-18.57255745 22.97612381 343.25830078
-19.28506279 22.95425034 343.87149048
-18.85062027 22.45489311 343.28363037
-19.42185974 22.35033798 343.85107422
-18.52178574 21.91974831 343.25039673
-17.88893509 21.37556839 343.18777466
-18.60440254 21.35625839 343.80224609
-17.86392975 20.84616089 343.18392944
-18.57942772 20.82775307 343.79837036
-18.25058937 20.29029846 343.76562500
-18.22665405 19.76115417 343.76181030
-18.29333305 19.11453438 343.71832275
-17.60927963 17.50437355 343.64852905
-18.28814316 16.88068771 343.66333008
-18.26316833 16.35148430 343.65957642
-17.42855453 15.84866142 343.60250854
-18.34874344 15.78680515 344.21087646
-17.29781151 15.25307274 343.56390381
-18.32389259 15.25739288 344.20709229
-17.27277374 14.72216320 343.56015015
-17.99474716 14.71413803 344.17449951
-17.24776840 14.19124985 343.55645752
-17.66459465 14.16991901 344.14184570
-17.22279167 13.66014099 343.55276489
-17.63961792 13.63941574 344.13809204
-17.19778442 13.12903404 343.54916382
-17.88154984 13.04186535 344.12649536
-16.84146690 12.05045891 343.51226807
-16.81642914 11.51864529 343.50863647
-17.86939621 11.37418747 344.08840942
-18.00835991 10.77312183 344.06713867
-17.98427200 10.24287224 344.06350708
-16.83593559 9.80832100 343.45697021
-17.65402412 9.69446087 344.03054810
-16.90472412 9.16225433 343.41235352
-17.62904930 9.16365147 344.02691650
-16.87968445 8.63036823 343.40881348
-17.60501862 8.63278770 344.02355957
-16.85467720 8.09844875 343.40530396
-17.58098793 8.10178471 344.01998901
-16.82958031 7.56645155 343.40185547
-17.55598259 7.57074785 344.01641846
-16.80451202 7.03439140 343.39834595
-17.62480164 6.92665958 343.97140503
-17.69353104 6.28288984 343.92614746
-16.82319450 5.32531881 343.34631348
-17.64455605 5.22103691 343.91912842
-16.89195251 4.68081045 343.30114746
-17.62052536 4.68999529 343.91567993
-17.17441559 4.17164564 343.32794189
-17.59551811 4.15892363 343.91220093
-16.84279251 3.61663699 343.29421997
-17.57151794 3.62775302 343.90872192
-16.81879234 3.08444095 343.29080200
-13.41834068 2.37610459 332.41903687
-14.63259602 2.33515549 334.21841431
-14.82592583 2.18775082 334.73782349
-15.30288982 2.21932840 335.36010742
-15.63962269 2.16162109 335.92953491
-16.04751015 2.14878893 336.52340698
-16.45652580 2.13616085 337.11608887
-21.74012947 1.59533536 347.85342407
-22.26950836 1.65359962 348.45852661
-22.58912086 1.57677877 348.99368286
-22.80485535 1.43239713 349.49420166
-23.65793800 1.41482818 350.62701416
-23.69697189 1.49153626 351.21203613
-23.82687569 1.45800960 351.75335693
-24.23118210 1.40063131 352.29418945
-24.77516174 1.33134162 352.83328247
-25.20496941 1.32345235 353.39294434
-15.36872005 1.55571318 340.96212769
-15.78881645 1.54473126 341.55148315
-16.16963577 1.45160973 342.10079956
-18.01405716 1.17484522 345.46841431
-18.27515602 1.23066962 346.06762695
-18.77272415 1.26663065 346.66973877
-24.10931396 53.47247314 343.59439087
-24.38788605 52.81855392 343.92648315
-31.87652779 50.59484100 346.76055908
-24.34841728 52.19250107 343.83551025
-31.49540710 50.05340576 347.17636108
-31.28660583 49.55796432 346.91250610
-31.11578178 49.51145935 347.59350586
-30.94709778 49.46483231 348.27517700
-30.54800224 49.05915451 346.85363770
-30.37891960 49.01275635 347.53723145
-30.00005531 48.46910095 347.95632935
-25.67551041 49.88217163 343.70962524
-25.72807312 49.22253418 343.72607422
-25.64576721 49.04483414 344.46847534
-25.29205132 49.02021790 344.92114258
-25.76283646 48.63170624 342.79837036
-25.59393311 48.58509827 343.49710083
-25.23942375 48.56037140 343.95056152
-25.26070213 48.49175644 344.89413452
-28.48687172 47.24377060 347.04498291
-27.82540131 46.60818100 347.03030396
-24.63264465 47.49770355 344.10272217
-28.24341774 45.91775131 347.52566528
-27.31093788 45.72821426 346.45175171
-23.44699287 46.80037689 342.72055054
-27.27889061 45.20369720 346.42440796
-23.41454315 46.26728058 342.69281006
-23.37087440 46.12827682 343.50961304
-23.45064163 45.89564133 344.43792725
-27.06291199 44.69741440 346.15542603
-23.58181763 45.40895081 343.70681763
-23.41831589 45.36394882 344.41015625
-26.84669113 44.19024277 345.88650513
-23.38595963 44.83224106 344.38247681
-26.99930382 43.64684677 346.10140991
-23.21367073 44.55594635 342.40530396
-23.13636971 44.38153076 343.15563965
-23.16353989 44.31872559 344.10800171
-23.10395050 43.84822845 343.12796021
-23.13115311 43.78632736 344.08035278
-24.60377312 43.22837830 342.27429199
-24.16077232 43.33157730 342.68417358
-26.03055382 42.61979294 345.77169800
-22.90858078 43.27120590 343.80587769
-24.65767860 42.56739044 342.29077148
-25.65003777 42.06628418 346.19851685
-22.68460274 42.75511932 343.52984619
-22.89098167 42.43610001 344.57266235
-24.62513924 42.03529358 342.26324463
-22.84343719 42.20471191 343.75070190
-24.59189606 41.50313950 342.23498535
-24.23704910 41.47683716 342.69006348
-24.67606544 41.03113556 345.86779785
-22.82602310 41.37089920 344.51745605
-22.79348373 40.83811188 344.48983765
-22.36275864 40.63452148 343.17098999
-23.88656998 39.97514343 345.78054810
-23.67096519 40.03672028 342.06387329
-22.22687340 39.98600006 342.93862915
-22.41511726 39.87714767 344.07571411
-23.18139267 39.36206055 342.28833008
-22.31368828 39.26711273 343.91201782
-22.53745842 39.19787598 345.11410522
-22.08931351 38.74651718 343.63607788
-22.31338882 38.67852020 344.83938599
-22.56999397 38.27931976 342.44061279
-22.24879074 38.19844437 343.85778809
-22.08986664 38.15810013 344.56533813
-22.72858620 37.73125458 342.66317749
-21.83212090 37.68942261 343.33255005
-22.05714417 37.62400436 344.53796387
-21.76669884 37.20598602 342.34454346
-21.76366615 37.02518463 344.12603760
-21.54067421 36.68146896 342.06570435
-21.88816833 36.44019318 344.27825928
-21.31461906 36.15576935 341.78683472
-21.38178444 36.05487442 343.71038818
-21.28088570 35.61812592 341.75863647
-21.43858910 35.39179611 343.72659302
-21.14692116 34.70093918 344.20568848
-21.39571762 33.70396423 342.72830200
-21.24179649 33.74759293 343.49362183
-21.14932060 33.70718002 344.28747559
-21.01125526 33.13865662 343.16217041
-21.04792213 33.09284973 344.12344360
-20.82198715 32.56480408 343.84707642
-20.59476852 32.03579330 343.56909180
-20.17321205 31.51315308 343.04040527
-20.21317482 31.46964645 344.00564575
-20.37460709 30.92507172 344.22851563
-19.95222664 30.40063095 343.70062256
-19.72451782 29.86822128 343.42279053
-19.69124222 29.32922554 343.39550781
-19.62505722 28.25087738 343.34170532
-19.48837280 27.59099770 343.10644531
-19.54737282 26.92682457 343.12326050
-19.59017944 26.89042854 344.09045410
-19.70895767 26.38417244 343.34756470
-19.36195183 26.35462189 343.81295776
-19.28470993 25.84993172 342.81652832
-19.32849121 25.81522560 343.78570557
-19.09962273 25.27777290 343.50720215
-18.87005234 24.73927689 343.22793579
-18.83640862 24.19858360 343.20074463
-18.80288887 23.65779114 343.17358398
-18.92203140 23.01853752 343.28198242
-18.91000557 22.96377563 344.16131592
-18.56594467 21.36977768 342.85702515
-18.51034927 21.21836281 343.62020874
-18.47667694 20.67736435 343.59304810
-18.24664497 20.13378143 343.31387329
-18.21275711 19.59208298 343.28683472
-17.98211288 19.04685974 343.00668335
-18.14592743 18.50833511 343.23336792
-18.33592415 16.76664352 343.44894409
-18.28384018 16.62062836 344.21203613
-18.24998474 16.07952881 344.18508911
-18.01936913 15.53195095 343.90609741
-17.98606300 14.99009418 343.87988281
-17.95281601 14.44824219 343.85366821
-17.91880608 13.90634346 343.82681274
-17.45650864 12.80434036 343.26791382
-17.91280937 12.16106319 343.79000854
-17.97352219 11.50029564 343.80538940
-17.94012260 10.95823574 343.77932739
-17.90599251 10.41604042 343.75253296
-17.67516136 9.86236668 343.47332764
-17.64163971 9.31950760 343.44729614
-17.73103523 7.45643473 343.45223999
-17.50017357 6.89955664 343.17272949
-17.46585846 6.35617876 343.14599609
-17.43227386 5.81266403 343.11999512
-17.39795876 5.26910496 343.09329224
-17.25753784 5.25244045 343.81829834
-17.36428261 4.72540092 343.06735229
-17.22395325 4.70920134 343.79238892
-17.13192558 4.16515970 342.78616333
-17.29083824 3.38990045 342.84381104
-17.54619980 3.40880394 344.07669067
-19.54720879 2.80700135 344.70300293
-24.60316658 53.18931198 344.00823975
-24.58511353 52.62829208 343.95794678
-23.97935295 52.62063980 344.01956177
-24.56687737 52.06707001 343.90750122
-23.96114731 52.05933380 343.96917725
-25.70528603 50.62591553 344.57995605
-24.55787086 50.80327606 343.91055298
-23.93615532 50.62764740 344.42239380
-24.56704140 50.10101700 343.96496582
-23.91801262 50.06673431 344.37210083
-25.72341347 49.22607803 344.68801880
-23.89971352 49.50580215 344.32174683
-29.59415054 48.25592804 347.14959717
-23.88141632 48.94469070 344.27136230
-23.90672302 48.40767288 343.87637329
-23.21506691 48.35023117 344.63021851
-28.95824242 47.13816452 347.10235596
-28.35901260 47.12945175 347.15997314
-24.56608200 47.73881912 343.52160645
-23.87271500 47.68221283 344.27548218
-23.22505951 47.64947128 344.68472290
-23.92643547 47.00437546 343.98626709
-23.23493195 46.94901276 344.73925781
-28.32224083 46.01928329 347.05706787
-23.86404610 46.42014313 344.27960205
-23.21642113 46.38819504 344.68890381
-23.88965607 45.88078690 343.88345337
-23.19794273 45.82718658 344.63854980
-27.17955017 44.93127060 346.39770508
-23.91508484 45.34015274 343.48825073
-23.17936897 45.26597595 344.58813477
-23.20898056 44.62635803 344.37820435
-23.24362946 43.88689041 344.35449219
-23.18154716 43.30565262 344.64804077
-25.99571991 42.72039032 345.63760376
-24.53519440 43.13788605 342.52606201
-23.25005722 42.78272629 343.90777588
-24.51631546 42.57374954 342.47451782
-23.14425278 42.18299866 344.54620361
-24.82910919 41.46316910 345.42733765
-24.54238129 42.02801132 342.07595825
-23.12534523 41.62138367 344.49584961
-23.94597054 41.31449509 342.19683838
-23.93766403 40.04686737 342.20156860
-23.04112053 39.63035965 345.24102783
-23.31225777 39.47053528 342.21740723
-22.46361732 39.07386398 344.91799927
-22.09951019 39.44757080 342.35626221
-22.50053406 38.67940521 344.07312012
-22.54340553 38.18686676 343.41162109
-22.53616524 37.43201828 343.73208618
-22.64722824 36.90996170 342.64373779
-21.82795525 36.82892227 344.44451904
-22.58469009 36.33160400 342.93939209
-21.85145760 36.27954483 344.04873657
-22.56541443 35.76698303 342.88778687
-21.78971291 35.70368195 344.34259033
-22.58855057 35.09885406 342.78421021
-21.81944275 35.05911255 344.13330078
-21.23035240 34.85851669 344.57891846
-21.25345421 34.30729294 344.18402100
-21.96555138 33.78976822 343.02282715
-21.23424149 33.74389267 344.13354492
-21.94618416 33.22483826 342.97113037
-21.25728226 33.19092941 343.73751831
-21.23788452 32.62683868 343.68698120
-20.57376099 32.03987885 344.05834961
-20.55445671 31.47598457 344.00778198
-20.53499985 30.91189384 343.95721436
-20.54761696 30.21454620 344.01397705
-20.60243034 29.52464676 343.72503662
-19.83302879 29.19817924 344.23156738
-19.91850662 28.48483467 343.75521851
-19.98304176 27.82183456 343.30477905
-19.25790215 27.79108047 344.42355347
-19.96343040 27.25628662 343.25512695
-19.27907944 27.23189926 344.02813721
-19.90217590 26.68618393 343.55133057
-19.25943565 26.66721344 343.97756958
-19.23964119 26.10237122 343.92788696
-19.29433060 25.40943718 343.63778687
-19.30823135 24.71280098 343.69561768
-19.32952881 24.14959145 343.29898071
-19.26858139 23.58207893 343.59536743
-19.24875641 23.01650047 343.54473877
-19.26983833 22.45139313 343.14788818
-19.20870781 21.88501930 343.44534302
-18.60760880 21.86962318 343.52868652
-18.58762932 21.30358315 343.47900391
-18.64283562 20.60694313 343.18859863
-18.65746880 19.91099930 343.24652100
-18.59683037 19.34687424 343.54309082
-18.57676125 18.78079605 343.49237061
-18.55662918 18.21466637 343.44268799
-18.53656006 17.64832497 343.39297485
-18.51090240 15.82140541 343.35156250
-17.86605453 15.68866920 344.23855591
-18.52593422 15.12770844 343.40853882
-17.84577370 15.12333202 344.18893433
-18.50565147 14.56127739 343.35885620
-17.82564163 14.55790043 344.13925171
-18.48521423 13.99480915 343.30813599
-17.80529785 13.99236584 344.08959961
-18.46496201 13.42817688 343.25842285
-17.82518387 13.41903400 343.69329834
-18.48042107 12.73531246 343.31646729
-17.84085846 12.72666264 343.75137329
-17.85650063 12.03469372 343.80950928
-17.83609581 11.46862221 343.75881958
-18.45500755 10.90964508 343.27410889
-17.81571960 10.90248871 343.70913696
-18.43454170 10.34297752 343.22341919
-17.79531479 10.33615780 343.65942383
-18.41398430 9.77608871 343.17358398
-17.77484894 9.76980209 343.60964966
-17.74986267 7.94599009 343.56848145
-17.76593590 7.25558710 343.62670898
-17.74531555 6.68911028 343.57696533
-17.76535225 6.10818243 343.17919922
-17.74464035 5.54096937 343.12939453
-17.72399139 4.97366571 343.07962036
-17.04618454 4.98661566 343.86810303
-17.69992447 4.29980803 343.48611450
-17.10026169 4.17548037 344.03350830
-23.86647987 2.46558809 353.64556885
-20.91829491 2.28925514 354.82913208
-24.91863823 57.59342575 343.96347046
-27.48224640 57.28439331 343.34613037
-25.15710068 56.87839890 343.77108765
-24.87083817 56.25920486 343.96780396
-25.97348595 55.71626282 343.81134033
-24.87782669 55.66786194 343.91787720
-27.67513657 55.22412872 343.15823364
-25.98117256 55.12377167 343.76062012
-24.88539314 55.07636642 343.86715698
-25.84802818 54.42196274 343.86355591
-24.82966232 54.33405685 343.92337036
-23.01643562 54.32321930 343.01293945
-27.39293098 54.00908661 343.30456543
-26.29230118 53.96368027 343.41064453
-24.77463341 53.59220123 343.97888184
-27.10318756 53.38981247 343.50210571
-25.70784760 53.32073975 343.85644531
-24.48806953 52.97650528 344.17550659
-27.19116020 52.46612930 344.30545044
-26.45354843 52.59736633 344.05441284
-25.65196419 52.57823944 343.91244507
-24.49572563 52.38561630 344.12490845
-26.10240364 51.83151627 344.35675049
-24.20903969 51.77142715 344.32159424
-22.98175812 51.80737686 342.91952515
-25.87082100 51.12484360 344.54199219
-25.01514053 51.19884109 344.41101074
-24.07754707 51.07408524 344.42358398
-23.49622917 51.21167755 343.25344849
-25.02258492 50.60755920 344.36016846
-23.80650330 50.27095032 344.67935181
-23.81330872 49.68101883 344.62930298
-23.43162346 49.98178101 344.03198242
-30.52022171 49.12593079 347.90472412
-29.13169670 49.06961060 348.23107910
-25.71225166 49.14465714 344.61288452
-24.91274261 49.12810516 344.47174072
-23.82075310 49.09103775 344.57855225
-29.73426628 48.51972961 347.69619751
-28.34690285 48.46485519 348.02526855
-24.92015839 48.53692627 344.42089844
-23.53611183 48.48108292 344.77334595
-22.89241791 48.55126572 342.88345337
-28.94782448 47.91409302 347.49005127
-25.22246552 47.96503448 344.12295532
-23.54349899 47.89140320 344.72250366
-22.89912987 47.95954132 342.83328247
-24.42872429 47.35763168 343.93359375
-22.90590286 47.36762238 342.78314209
-28.16873360 46.71899033 347.23452759
-23.84943581 46.72967911 344.37579346
-22.91258621 46.77559280 342.73284912
-27.84624290 45.85732651 346.76098633
-23.79499054 45.99228668 344.43212891
-22.85816765 46.03611374 342.79055786
-21.70321655 45.85688782 343.01528931
-21.25496674 46.00677109 342.52865601
-27.85500145 45.26674652 346.70864868
-23.44897842 45.23866272 344.73330688
-22.51105499 45.28020477 343.09637451
-21.70995903 45.26615143 342.96517944
-27.65717697 44.69528580 346.02273560
-23.45627213 44.64878082 344.68240356
-22.51773643 44.68888474 343.04611206
-21.42608261 44.65916824 343.16226196
-23.46277046 44.05866241 344.63208008
-22.52441978 44.09735870 342.99588013
-21.72317123 44.08420563 342.86471558
-26.58042145 43.48498154 346.01602173
-23.17782784 43.45360947 344.82681274
-26.29364967 42.87971115 346.20745850
-25.96007919 42.60663605 345.79235840
-22.95058441 42.75772476 345.01016235
-23.84810257 42.92379379 343.40917969
-22.32067108 42.93076706 342.26669312
-25.38088989 41.98908615 346.22659302
-22.32716751 42.33814621 342.21624756
-24.88451385 41.40159607 345.79144287
-23.86244202 41.73926544 343.30679321
-24.20821381 40.61760712 345.58132935
-23.59222603 40.94518661 343.56539917
-22.58433723 40.21739960 344.40722656
-22.82353401 39.42704010 345.04214478
-22.69317436 38.73871613 345.14453125
-22.02966881 38.89524078 344.03616333
-21.43475151 39.07515717 342.05471802
-21.14935112 38.47266769 342.25347900
-22.49043083 37.57072067 344.42053223
-21.98254585 37.57186508 344.04333496
-21.59508705 37.85937881 343.44918823
-20.96439934 37.57395935 343.29217529
-22.49757195 36.98076248 344.36941528
-21.98965645 36.98180008 343.99224854
-20.68147278 36.97506332 343.48791504
-21.70642662 36.38352203 344.18634033
-21.42249489 35.78627777 344.38122559
-20.91424370 35.78709412 344.00646973
-21.24865723 34.43530273 344.50750732
-21.32291603 33.73555374 344.44610596
-21.61895943 33.15122986 344.15097046
-21.33606720 32.55699158 344.34436035
-21.34235382 31.96748543 344.29379272
-19.81320381 31.96776009 343.17767334
-20.95281982 31.19308853 343.85351563
-19.53110504 31.37480736 343.37326050
-20.15015793 30.50385666 344.52700806
-19.24821472 30.78280449 343.56970215
-20.45135880 29.32828522 344.18157959
-19.65353203 29.32674980 344.05599976
-20.74633217 28.73983383 343.88653564
-19.65972710 28.73814201 344.00549316
-20.75325966 28.15007973 343.83517456
-19.66595268 28.14943314 343.95498657
-20.25489235 26.96938515 343.36370850
-19.56741333 26.10715485 344.02291870
-19.57360840 25.51835060 343.97238159
-19.57971191 24.92955017 343.92175293
-19.58578491 24.34065437 343.87109375
-19.59188843 23.75155640 343.82043457
-18.50531578 23.75878716 343.94442749
-19.59793091 23.16236496 343.76968384
-18.51139069 23.17068863 343.89376831
-19.49853706 21.12315369 343.83984375
-18.41355515 21.13505173 343.96286011
-19.50452042 20.53405952 343.78906250
-18.41892815 20.54701233 343.91290283
-19.51056099 19.94476128 343.73831177
-18.42490768 19.95881462 343.86224365
-19.51654243 19.35547066 343.68753052
-19.52246284 18.76597977 343.63662720
-18.43614006 18.78217316 343.76150513
-19.18358040 18.05211449 343.94076538
-18.38459778 18.05988884 343.82180786
-18.84445381 17.33996010 344.24465942
-18.33302689 17.33789253 343.88223267
-18.85031509 16.75176430 344.19390869
-18.33827591 16.74965477 343.83221436
-19.14299393 16.15200615 343.89999390
-18.05807686 16.17280388 344.02511597
-19.14891624 15.56302357 343.84912109
-18.06399918 15.58501339 343.97436523
-19.15477371 14.97403336 343.79824829
-18.06918526 14.99707603 343.92428589
-19.45389175 13.78184414 343.45242310
-18.82758331 13.08908081 344.00094604
-18.10531044 13.05235100 343.84008789
-19.06383896 12.35394669 343.81787109
-17.69210625 12.39671898 344.18804932
-18.78208733 11.78058910 344.01083374
-17.69723320 11.80928040 344.13790894
-19.07482529 11.17563438 343.71670532
-19.08053017 10.58645153 343.66567993
-17.70819092 10.63426018 344.03698730
-19.08632851 9.99707508 343.61459351
-17.65714073 9.91655922 344.09823608
-17.60688210 9.19928360 344.15881348
-17.32699394 8.63055611 344.35113525
-18.70238304 7.98880959 343.92996216
-17.61792946 8.02434063 344.05789185
-18.70815086 7.40013885 343.87896729
-17.62363815 7.43680286 344.00698853
-17.62867546 6.84911871 343.95684814
-17.63376999 6.26136112 343.90661621
-17.63877678 5.67351007 343.85635376
-17.58818436 4.95777845 343.91809082
-17.50987053 4.17883778 344.03610229
-25.04978943 57.86419296 343.63897705
-25.06961441 57.26137543 343.60717773
-24.07507896 55.10862732 343.56790161
-24.61723518 54.51755142 344.17694092
-24.23934746 53.89850616 344.13372803
-23.71698761 53.88853455 343.49368286
-24.25917435 53.29679108 344.10192871
-23.73571777 53.28728867 343.46200562
-24.67658806 52.71049500 344.08151245
-23.75450516 52.68595123 343.43017578
-26.27393913 52.45138168 344.63821411
-23.90004730 52.07791519 344.02685547
-23.25169182 51.91822052 343.42678833
-26.16489792 51.69403458 344.64514160
-22.74881935 51.15209961 343.42352295
-25.25747681 50.90952301 344.62796021
-25.80072784 50.31266022 345.23980713
-24.44384384 50.08292007 344.62805176
-22.91403770 49.94581604 343.98672485
-23.45423889 49.35166550 344.59402466
-22.93276405 49.34577179 343.95492554
-23.47403336 48.75085449 344.56210327
-22.95250130 48.74555969 343.92303467
-23.08983231 48.76928329 342.68051147
-29.13800430 48.83771896 348.32818604
-23.49379921 48.14993668 344.53012085
-22.71375084 48.15734100 342.63861084
-29.96947670 48.25165558 348.32797241
-23.51353264 47.54903412 344.49816895
-28.80036736 47.32590103 347.70294189
-23.40534973 46.79878235 344.50592041
-22.75407028 46.80101395 343.24099731
-21.71173286 46.63887787 342.63504028
-28.41851616 46.70807266 347.65463257
-22.90333557 46.04003143 344.50143433
-22.25400925 46.04293060 343.23834229
-21.73046112 46.03983307 342.60333252
-27.91696358 46.09798050 346.97061157
-22.92307091 45.43981171 344.46954346
-22.27276802 45.44319153 343.20657349
-21.74818420 45.44067001 342.57153320
-27.13423347 45.47406006 346.90829468
-22.94283485 44.83950043 344.43756104
-22.81409645 44.84526062 343.81134033
-22.29146576 44.84344482 343.17471313
-21.76685143 44.84152603 342.53985596
-23.08926392 44.23337173 345.03222656
-22.83383179 44.24484634 343.77938843
-22.31022453 44.24351120 343.14285278
-21.78557968 44.24218750 342.50799561
-23.10906219 43.63286591 345.00015259
-22.72488976 43.64995956 343.12185669
-21.80433846 43.64273834 342.47613525
-26.41536522 43.35813522 346.24218750
-22.73591232 43.02650452 344.95538330
-23.53243637 43.06085587 343.11163330
-21.82306671 43.04320526 342.44439697
-22.75568008 42.42640305 344.92327881
-23.55119514 42.45883179 343.07955933
-22.62866211 42.45390320 342.43264771
-22.64841270 41.67965698 344.93133545
-23.57001305 41.85668945 343.04757690
-22.52038765 41.70598984 342.44198608
-24.62730026 41.23052216 346.16806030
-23.46130753 40.61767960 346.09332275
-21.64595985 40.35165787 342.39886475
-23.10232735 39.73058701 345.51455688
-22.58159256 39.73341370 344.87542725
-22.58337402 39.75181198 343.01217651
-22.05763054 39.75457001 342.37734985
-23.12206459 39.12987900 345.48236084
-22.60129738 39.13331223 344.84329224
-22.07863808 39.13673782 344.20593262
-22.20915794 39.14906311 342.96929932
-21.68240929 39.15246582 342.33514404
-23.14182854 38.52907944 345.45016479
-22.22812080 38.53176880 344.79827881
-21.96765137 38.54235077 343.54992676
-21.83488274 38.54750443 342.92636108
-21.70113945 38.55273056 342.30325317
-21.73859596 37.35296249 342.23937988
-21.64313126 36.44484329 344.77087402
-20.98962593 36.45564270 343.51333618
-21.66286469 35.84593582 344.73876953
-21.14106178 35.85231018 344.10342407
-21.00933075 35.85733032 343.48141479
-20.87555504 35.86228561 342.85983276
-21.68260193 35.24693298 344.70669556
-21.16079903 35.25389481 344.07135010
-20.89422417 35.26375580 342.82788086
-21.31122780 34.65043640 344.66165161
-21.17946815 34.65536118 344.03927612
-21.33093262 34.05173874 344.62945557
-21.00647354 33.36072922 344.61651611
-21.11811256 32.56999969 344.64828491
-20.20712662 32.58404160 344.00186157
-21.13778877 31.97159004 344.61621094
-20.22680092 31.98682976 343.96987915
-20.09302521 31.99152374 343.34994507
-20.76836967 31.37893867 344.57110596
-20.11169434 31.39408493 343.31802368
-20.78706932 30.78091049 344.53894043
-20.59358978 30.09141922 344.53051758
-19.50745964 30.20855522 343.84936523
-18.50639534 29.34757042 343.87677002
-18.91122627 28.74423981 343.85711670
-19.83807182 28.12620163 344.46865845
-19.31612015 28.13970947 343.83746338
-19.47048759 27.53899765 344.42364502
-19.49016380 26.94279480 344.39160156
-19.52753258 25.74994659 344.32723999
-19.93449783 25.14134407 344.30801392
-18.39138412 24.90600204 343.73806763
-18.40996361 24.31107330 343.70611572
-18.42857170 23.71594048 343.67416382
-19.74203300 23.07442856 344.29727173
-18.98902130 22.50668907 344.23898315
-19.00766182 21.91086578 344.20690918
-19.41267204 21.29901123 344.18771362
-19.04594612 20.71873856 344.14257813
-18.55591393 20.00410080 344.14068604
-18.06585121 19.29106903 344.13894653
-18.46887970 18.67805862 344.11990356
-18.48950195 18.08277702 344.08786011
-18.50817299 17.48735237 344.05572510
-18.14135551 16.91208267 344.01055908
-18.70189285 15.69667816 344.57421875
-18.89564705 14.99741936 344.58032227
-18.07488632 14.99385262 343.95800781
-18.49247360 14.23916054 344.59762573
-17.58565140 14.28861237 343.95693970
-17.74404907 13.69040108 344.53790283
-18.14722633 13.07227039 344.51953125
-18.16583633 12.47734928 344.48733521
-18.18447495 11.88232899 344.45510864
-18.58765221 11.26159859 344.43655396
-18.99290276 10.63951302 344.41806030
-18.03087807 10.01869774 344.38354492
-17.24790192 9.29565430 344.38787842
-17.64817810 8.67380142 344.36950684
-18.43610191 8.02171326 344.36514282
-18.07005310 7.45561981 344.31893921
-18.08872414 6.86055851 344.28677368
-18.49201775 6.23472071 344.26840210
-17.19813728 6.33071613 343.61618042
-18.12600136 5.67024565 344.22229004
-17.21573830 5.73673868 343.58410645
-17.91630936 4.22302723 344.24890137
-17.00702286 4.29214716 343.61087036
-19.97100067 2.70132732 352.89486694
-18.82340240 2.77612925 351.00268555
-17.93218803 2.84617281 350.34744263
-12.67219543 3.07269263 339.94342041
-11.93991089 3.03776073 339.36212158
-11.01621723 3.13987637 337.54058838
-10.85829639 3.14516783 336.94342041
-10.70031548 3.15059447 336.34686279
-9.79374218 3.22302389 335.74102783
-22.86484718 52.87780380 343.19021606
-23.27033615 52.44763947 343.49285889
-23.36330223 52.01722336 344.33145142
-22.89639091 51.70710373 343.16168213
-23.92306328 51.44429779 344.84512329
-22.91139984 51.12154770 343.14672852
-23.15723610 50.54997635 344.19363403
-22.92717171 50.53599930 343.13244629
-22.90273666 49.95748520 343.91644287
-22.94291115 49.95035172 343.11819458
-23.18960190 49.37628174 344.16567993
-22.95801163 49.36459732 343.10321045
-23.20540237 48.78923416 344.15133667
-22.92405510 47.61648941 344.65777588
-22.35749435 47.41350937 343.34967041
-22.20411682 46.73098755 343.21209717
-21.68294907 46.14227676 342.67544556
-22.63294601 45.66141510 344.36712646
-22.74867821 44.97911835 344.49224854
-21.71388245 44.97417831 342.64608765
-23.54713631 44.68023682 345.11563110
-21.56108856 44.29485703 342.50933838
-22.24233627 43.80578232 343.93801880
-22.25826073 43.21973419 343.92358398
-25.65464592 43.64114761 346.20126343
-21.73666954 42.63685608 343.38452148
-25.54819489 42.90401840 346.13159180
-22.51809120 42.04424667 344.95800781
-22.02090836 42.04952240 343.63214111
-22.26548576 41.45960236 344.68032837
-22.03683281 41.46387863 343.61767578
-22.28146935 40.87255478 344.66589355
-21.88412666 40.78486252 343.48086548
-22.29739189 40.28551102 344.65145874
-21.33344078 40.02075958 342.16387939
-22.54208755 39.69052887 345.70382690
-22.04405594 39.70296860 344.37310791
-21.84985924 39.02023315 345.03582764
-21.72226524 38.93198013 344.11288452
-21.52779388 38.24956131 344.77453613
-21.03544044 38.26608276 343.45220947
-21.07513237 38.27071381 342.65582275
-21.38002586 38.26951218 342.12033081
-21.27705193 37.66974258 344.49777222
-21.05133247 37.68154144 343.43783569
-21.09090424 37.68676758 342.64151001
-21.56107330 37.07677460 344.74703979
-21.33367920 37.08978653 343.68447876
-21.57705879 36.49033737 344.73257446
-21.59368324 35.90379715 344.71884155
-20.71327591 35.79675674 343.08068848
-21.01893044 35.79556274 342.54583740
-21.60899734 35.31714630 344.70358276
-20.91587448 35.07284164 342.47970581
-21.09031296 34.74936295 344.16299438
-21.39804459 34.74820709 343.62753296
-20.89672470 34.06594849 344.82516479
-20.98743629 34.02534866 344.09671021
-21.02801895 34.03451157 343.29937744
-20.35218239 33.32341003 343.50619507
-20.06196213 32.74034500 344.02706909
-20.10364151 32.75060654 343.23147583
-20.60931969 32.13220215 344.53775024
-20.11950684 32.16706085 343.21710205
-19.82986832 31.58442116 343.73739624
-19.52200317 30.94550323 343.43594360
-20.35012245 30.37672424 345.03060913
-19.09760094 30.17193604 343.08459473
-19.07083893 29.57633781 343.86395264
-19.08749771 28.99340057 343.85018921
-19.10342026 28.41036034 343.83572388
-19.12014008 27.82722282 343.82192993
-19.35677147 27.21150017 344.86544800
-18.87331200 27.26075935 343.54687500
-19.10981941 26.64435577 344.58911133
-19.15269089 26.66083908 343.79370117
-19.12653732 26.06042099 344.57528687
-18.91419792 26.00000000 343.57147217
-19.17608070 24.30830956 344.53302002
-18.45469475 24.09999275 343.11373901
-18.69114113 23.47810745 344.15472412
-18.47123146 23.51805496 343.10009766
-18.18418694 22.93678093 343.61923218
-18.72518921 22.31163597 344.12783813
-18.74114227 21.72829437 344.11340332
-18.49495888 21.16765785 343.83767700
-18.77378464 20.56151199 344.08511353
-18.52760124 20.00187683 343.80938721
-18.50190353 19.39507484 344.59054565
-18.16298866 19.31245422 343.48422241
-18.21856689 17.48765373 344.30740356
-17.80724144 16.85349083 343.91137695
-17.82386780 16.27125168 343.89764404
-18.10080338 15.66098213 344.14419556
-18.11746025 15.07804394 344.13043213
-18.13344765 14.49510288 344.11590576
-18.15007401 13.91206360 344.10217285
-18.12510490 13.29865932 344.88406372
-18.16602898 13.32892132 344.08770752
-18.14185143 12.71492290 344.87023926
-17.80144882 12.64879894 343.76248169
-18.07165337 10.83589935 344.77838135
-17.73095131 10.77426624 343.67086792
-17.44717026 10.19180870 344.19097900
-17.46309471 9.60942364 344.17657471
-17.74014854 8.99247456 344.42440796
-17.75607300 8.40942192 344.40994263
-17.77272987 7.82633305 344.39617920
-17.78868675 7.24321079 344.38177490
-17.54409599 6.69679689 344.10574341
-17.18031311 6.02661657 343.78109741
-17.07759857 5.32006693 343.71871948
-32.71519852 52.98369980 346.26300049
-32.15589905 52.43629837 346.43701172
-32.16070175 51.87189865 346.43099976
-22.64739990 50.09600067 342.98098755
-21.53960037 46.79219818 342.61099243
-20.98130035 45.69820023 342.42999268
-20.98730087 45.14360046 342.42700195
-21.51569939 44.43750000 342.49099731
-20.42130089 37.65890121 343.35299683
-20.42729950 37.10229874 343.35000610
-20.43330002 36.54550171 343.34799194
-20.44400024 35.97999954 343.68499756
-21.00399971 35.42549896 342.83898926
-21.01530075 34.85940170 343.17498779
-20.51989937 34.41820145 344.46798706
-21.02120018 34.30250168 343.17199707
-20.47730064 33.72840118 344.35598755
-21.03249931 33.73469925 343.50900269
-20.41710091 33.03160095 343.67700195
-19.86820030 31.97520065 343.38299561
-19.25419998 31.33009911 342.75900269
-19.93099976 31.52160072 344.17001343
-19.26029968 30.77409935 342.75698853
-19.84720039 29.60280037 343.60400391
-19.28840065 29.06030083 343.76599121
-19.29120064 28.51819992 343.42498779
-18.83860016 28.18390083 344.82699585
-19.29730034 27.96089935 343.42199707
-18.74670029 27.36829948 344.60598755
-19.30330086 27.40349960 343.42001343
-18.75020027 26.82649994 344.26300049
-19.30940056 26.84609985 343.41699219
-18.75639915 26.26790047 344.26098633
-19.31550026 26.28860092 343.41500854
-18.76250076 25.70919991 344.25900269
-18.71409988 25.06159973 343.46701050
-19.32439995 25.19230080 343.07000732
-18.78350067 24.01289940 344.59298706
-18.71689987 23.34009933 343.53698730
-18.68910027 22.70549965 343.35000610
-18.69280052 22.16970062 343.00799561
-18.18849945 21.70820045 343.95901489
-18.69890022 21.61260033 343.00601196
-18.14340019 21.04739952 343.50900269
-18.14959908 20.48959923 343.50698853
-18.15749931 19.90800095 343.84500122
-18.16360092 19.34970093 343.84201050
-18.16979980 18.79129982 343.83898926
-17.61359978 18.19639969 344.68499756
-18.17589951 18.23290062 343.83700562
-17.61870003 17.66270065 344.34201050
-18.18210030 17.67440033 343.83401489
-17.62490082 17.10350037 344.33999634
-18.13800049 16.99250031 343.72399902
-17.63220024 16.51729965 344.67898560
-17.63730049 15.98509979 344.33499146
-17.59320068 15.30309963 344.22500610
-18.15620041 15.31719971 343.71600342
-17.54820061 14.65019989 343.77398682
-17.61280060 13.59589958 344.55999756
-17.56649971 12.97480011 343.76699829
-17.57349968 12.38539982 344.10501099
-17.58029938 11.79479980 344.44400024
-17.58480072 11.29899979 343.76000977
-17.59090042 10.74030018 343.75698853
-17.59779930 10.14869976 344.09500122
-17.60379982 9.58942986 344.09201050
-17.57600021 8.93873024 344.13101196
-17.05240059 8.44943047 344.59698486
-17.05859947 7.88943005 344.59500122
-17.01350021 7.21004009 344.48400879
-17.52549934 7.11329985 343.86599731
-16.96829987 6.53103018 344.37399292
-17.53089905 6.59062004 343.52200317
-16.97439957 6.08174992 343.35000610
-16.98040009 5.48633003 343.68798828
-16.98649979 4.96552992 343.34399414
-10.91660023 4.16907978 334.82998657
-16.94109917 4.28960991 343.23400879
-11.47350025 3.61269999 334.66799927
-12.03289986 3.67444992 333.86599731
-13.72420025 3.74863005 333.47601318
-14.22809982 3.08067012 333.20901489
-9.38514042 2.26548004 335.50100708
