D:\PointCloud_DL\rice_label_test_1.txt
-16.38934326 31.08012581 343.65457153
-17.10083389 30.52510834 343.75311279
-16.86089325 29.97991371 343.96618652
-17.18815231 28.83823967 343.62649536
-17.39168739 28.14596748 343.35745239
-18.10827827 28.12967873 343.45028687
-15.84168816 27.96077538 344.19531250
-17.38576126 27.61055946 343.36080933
-18.10226440 27.59467506 343.45349121
-18.32928467 27.07137299 343.24740601
-15.91104794 26.63985443 344.00210571
-17.89288902 26.40176201 342.81799316
-16.15343857 26.09726524 342.25225830
-17.88687325 25.86725235 342.82122803
-14.89136028 25.41532898 341.80731201
-15.70553112 25.46813583 341.85235596
-16.46167946 25.33313942 341.85055542
-16.90381622 25.42695999 342.25265503
-17.38624191 25.39990234 342.55493164
-15.25823212 24.83939743 341.45150757
-15.97378635 24.82570076 341.55047607
-16.45584488 24.79853439 341.85394287
-16.93759918 24.77146530 342.15722656
-17.41984367 24.74440193 342.45932007
-13.98121738 24.53067589 341.96859741
-15.25178814 24.30419350 341.45565796
-15.96731186 24.29109573 341.55462646
-16.44934082 24.26392937 341.85812378
-15.00989437 23.75444984 341.66665649
-15.96154118 23.75629425 341.55801392
-16.67669868 23.74370766 341.65518188
-15.00341892 23.21865273 341.67089844
-15.95506573 23.22149277 341.56219482
-16.67022514 23.20941162 341.65930176
-17.38581276 23.19753075 341.75390625
-14.99700546 22.68275070 341.67504883
-15.94868183 22.68659019 341.56640625
-16.76857376 22.60057259 341.52801514
-14.99052906 22.14674187 341.67935181
-14.98411369 21.61073685 341.68353271
-15.93652630 21.61656952 341.57412720
-15.10446739 20.98632050 341.52493286
-15.97012806 20.96257210 341.47860718
-16.68586922 20.95259094 341.57473755
-15.76922512 20.29122162 341.58941650
-16.48597336 20.28181267 341.68521118
-16.96281052 19.72003746 341.98977661
-15.24654293 19.30199623 342.11123657
-16.72234726 19.16656303 342.20095825
-14.49145985 18.82677269 342.83944702
-15.99948788 18.63895988 342.10968018
-16.95038033 18.65023422 341.99725342
-14.95857716 18.32743073 342.42681885
-16.22721481 18.12262535 341.90710449
-15.26829147 17.57388878 342.02215576
-16.45573616 17.60708809 341.70385742
-15.49726963 17.05773354 341.81942749
-16.44996452 17.07187462 341.70736694
-15.83092499 16.47144890 341.48110962
-16.02167320 14.72446442 341.22177124
-15.45532799 13.30297565 341.84652710
-16.12214661 13.21491337 341.94168091
-16.01165009 12.50793934 341.94934082
-16.00523376 11.97173500 341.95352173
-15.27971554 11.43647099 341.86398315
-16.23473740 11.46087646 341.74993896
-15.50973606 10.92559433 341.66085815
-16.22896385 10.92496109 341.75341797
-16.45712471 10.41532230 341.55108643
-15.98146915 9.82599735 341.96817017
-16.68100929 9.37164783 341.35104370
-15.99532223 8.72095871 341.16275024
-16.47896957 8.69458961 341.46066284
-18.90122604 8.61400223 341.42089844
-16.02801132 8.07159996 341.06604004
-16.51144791 8.04522324 341.36376953
-16.99598312 8.01896286 341.65982056
-18.66383934 8.05233097 341.62969971
-16.50567436 7.50987482 341.36724854
-18.65864944 7.51858425 341.63229370
-16.26517296 6.94501495 341.57699585
-17.21892357 6.97773075 341.45989990
-18.18759918 6.92588472 342.04855347
-16.25939941 6.40907431 341.58050537
-18.41616058 6.42105770 341.84371948
-16.25432777 5.87307882 341.58331299
-16.97359467 5.87747288 341.67279053
-17.92658424 5.91239452 341.55343628
-16.96855354 5.34197187 341.67559814
-17.68733215 5.34702015 341.76315308
-16.72826385 4.77499294 341.88562012
-17.68223190 4.81203079 341.76589966
-16.99471092 4.15862513 341.58157349
-17.94751930 4.19669676 341.46194458
-17.26112747 3.54356170 341.27737427
-17.97935867 3.55029464 341.36437988
-17.25602722 3.00875330 341.28012085
-18.77400970 3.05127001 340.61557007
-11.92724419 1.55648494 332.62915039
-19.91815567 49.49068069 346.01596069
-18.41237450 43.04613876 344.66995239
-18.38903427 42.51939011 344.66583252
-17.54495430 41.73708725 344.67395020
-17.14967155 39.88179398 345.09417725
-17.12632561 39.35255814 345.09020996
-17.10191536 38.82323074 345.08621216
-17.07756615 38.29383087 345.08227539
-17.05309296 37.76428604 345.07830811
-17.02871323 37.23468781 345.07446289
-17.00527763 36.70492935 345.07061768
-16.25126839 30.84103775 342.71862793
-16.45120239 29.41931343 343.16268921
-17.47086716 29.39001656 343.81158447
-16.73241425 28.89050865 343.18936157
-16.63213921 28.82110596 344.27966309
-17.01362419 28.36249924 343.21594238
-14.77327633 28.55654716 343.64382935
-16.68346596 27.82975006 343.18252563
-14.43798923 28.02026749 343.61038208
-14.72209644 27.48916435 343.63684082
-16.09797478 26.30147743 342.02133179
-15.48280716 26.18682671 343.61303711
-15.35732365 25.79515839 341.39352417
-16.50383568 25.61453819 341.99884033
-15.52226257 25.02220535 341.31430054
-16.23873138 24.89067078 343.58883667
-16.10924911 24.50161362 341.37518311
-15.77802181 23.96434021 341.34014893
-15.65572929 16.22022629 341.20181274
-15.74701309 14.98087692 341.13742065
-15.85173130 14.94603634 341.69677734
-15.76760864 15.14392471 342.33526611
-15.82621956 14.41372967 341.69393921
-15.93759537 8.37936211 341.05862427
-15.60482979 7.82670736 341.02301025
-16.63335228 7.85210323 341.67889404
-15.67427444 7.18074751 340.98001099
-16.90152550 7.16164923 341.63201904
-16.05106354 6.55629873 340.97036743
-17.38190079 6.60584021 341.65795898
-16.63807678 6.06717825 341.03417969
-17.35645294 6.07538748 341.65536499
-16.61262703 5.53570175 341.03176880
-17.02667427 5.52279472 341.62048340
-16.58802795 5.00411463 341.02932739
-17.00217056 4.99168873 341.61804199
-16.65662003 4.36103153 340.98614502
-17.30499458 4.32733202 341.58288574
-16.72524452 3.71824503 340.94296265
-17.44472122 3.73030782 341.56408691
-16.39433861 3.16280913 340.90707397
-19.28850555 2.63021088 341.12170410
-19.79190254 2.51000309 341.66442871
-19.81167412 2.58511639 342.25567627
-19.92359924 2.55055332 342.80575562
-15.75357342 2.47068882 330.29830933
-15.93796444 2.62720013 330.95031738
-16.51797295 2.39663696 331.47329712
-16.91288567 2.38406658 332.07070923
-17.00863266 2.34730983 332.62646484
-17.10334206 2.31072593 333.18203735
-16.95684624 2.37124324 333.75637817
-17.20567131 2.34699321 334.33142090
-17.60467529 2.33510208 334.92520142
-18.09775352 2.21428633 335.47857666
-18.10647583 2.28755569 336.07141113
-18.11611176 2.36059093 336.66473389
-16.02103806 2.20491505 339.23327637
-18.32523727 1.94506323 346.01901245
-21.64740181 1.65802062 347.75100708
-21.93971825 1.67814577 348.32852173
-22.40247536 1.75233901 348.93652344
-22.52661133 1.71926665 349.48074341
-22.56152153 1.79655778 350.06765747
-22.77683449 1.65348852 350.56802368
-22.90399170 1.62073720 351.11114502
-22.85178566 1.80911911 351.74078369
-23.16031837 1.55561006 352.19616699
-23.49568748 1.60846627 352.78210449
-16.08956909 1.56273055 339.19024658
-16.56186104 1.67553282 339.83911133
-16.82286644 1.65301442 340.41162109
-16.93161392 1.61787975 340.96655273
-17.32479858 1.76380813 341.61987305
-17.94835854 1.37838292 342.05798340
-18.40276527 1.23973596 344.26766968
-18.51871872 1.20535040 344.81933594
-18.54251862 1.28153038 345.41317749
-18.66039276 1.24742627 345.96438599
-19.27381325 0.84638572 346.61157227
-18.40766144 50.16220856 347.36941528
-18.49214172 49.74320221 345.67385864
-18.18074036 49.64937592 347.09664917
-18.12594604 49.42693710 346.26831055
-18.34060669 48.80295563 345.57641602
-18.14819336 48.71964264 346.22015381
-18.39838028 48.13271713 345.59570313
-18.24225044 48.08690262 346.30752563
-20.68406296 47.41288376 345.72259521
-18.01493263 47.57096100 346.03341675
-17.63215256 47.00883102 346.47183228
-17.95238113 46.49617386 345.98175049
-17.60115433 46.47125626 346.44638062
-18.17244720 45.76961899 346.18243408
-17.96581841 44.14304733 345.00561523
-18.00757408 44.08202362 345.96926880
-18.28726768 43.62994003 344.51571655
-17.93408585 43.60452652 344.97940063
-18.57676888 42.57843399 343.99972534
-18.22352600 42.55282211 344.46353149
-17.71656799 42.48505020 345.64266968
-17.83922195 41.98835373 344.90179443
-17.48768806 41.96252823 345.36676025
-17.60933304 41.46481705 344.62402344
-17.65352821 41.40798187 345.59121704
-17.38008308 40.94025421 344.34695435
-17.42379189 40.88431549 345.31478882
-17.34804344 40.40004730 344.32092285
-17.59027481 40.33041763 345.53997803
-17.51397514 39.84564972 344.54672241
-17.36044502 39.80554581 345.26342773
-17.60419083 38.80516052 343.77725220
-17.29700661 38.72627258 345.21221924
-17.54462814 38.13503647 344.58291626
-17.02008247 37.41202927 344.74774170
-16.98794937 36.87141037 344.72174072
-17.30701637 36.35749817 344.22988892
-16.95578766 36.33071899 344.69586182
-17.00346756 36.28184509 345.66583252
-17.27403069 35.81683731 344.20324707
-16.92429352 35.78985214 344.67056274
-16.97118187 35.74181366 345.64004517
-17.24180794 35.27593613 344.17739868
-16.89200974 35.24884033 344.64474487
-16.74101448 35.21176529 345.36343384
-17.20945930 34.73491669 344.15164185
-16.85969543 34.70783234 344.61889648
-16.51001930 34.68064499 345.08605957
-16.78076553 34.21208191 343.62039185
-16.82731819 34.16662979 344.59310913
-16.68909836 33.50603867 344.35964966
-16.64063644 33.50699997 345.23284912
-16.94805145 32.82870865 344.63107300
-16.59941483 32.80117035 345.09857178
-17.26507568 32.31507111 344.13833618
-17.23196602 31.77392769 344.11193848
-16.88323784 31.74628639 344.57955933
-16.53545380 31.71859741 345.04766846
-17.54892921 31.26039505 343.61926270
-16.65196609 31.21143532 344.30075073
-16.50295639 31.17718506 345.02191162
-17.51642990 30.71898842 343.59356689
-16.61949730 30.66953278 344.27505493
-17.08766937 30.18881607 343.06048584
-16.38813400 30.13297844 343.99630737
-17.05446815 29.64627266 343.03396606
-16.35560417 29.59027863 343.97061157
-17.34812546 29.01354408 343.37686157
-16.61544609 28.91688156 344.24270630
-17.91989326 28.32953453 343.11230469
-17.57067490 28.30135727 343.57894897
-16.47859573 28.25265121 344.00906372
-18.23731232 27.81634903 342.62069702
-18.39989662 27.27182198 342.84771729
-16.61072350 27.16438103 344.20959473
-18.36644936 26.73066330 342.82159424
-16.37999725 26.62438774 343.93133545
-16.34661293 26.08153152 343.90502930
-17.16198540 25.62594032 342.22000122
-16.11442184 25.53995323 343.62527466
-17.12838554 25.08249283 342.19378662
-16.08167648 24.99624634 343.59970093
-16.69551468 24.45754623 341.60162354
-16.54667091 24.51072884 342.38076782
-16.04890060 24.45244217 343.57406616
-16.16403580 23.93757629 342.82376099
-15.81588554 23.90872002 343.29357910
-18.70682526 8.77717686 340.28942871
-18.55593300 8.75897217 341.01226807
-18.39192390 7.78860712 340.91760254
-16.67287636 7.77025890 341.51336670
-17.51989746 7.05325842 340.63464355
-17.35458565 5.94658947 342.29052734
-16.87441254 5.36954546 340.76968384
-17.12341881 5.38643694 342.00979614
-17.23387146 4.85663462 341.25723267
-17.08908463 4.84178162 341.98416138
-17.00181770 4.29436207 340.97445679
-17.35852623 3.53536963 341.29266357
-19.65771294 2.96033239 344.14437866
-17.97066689 49.60579681 346.47756958
-17.83512115 37.89236450 344.92620850
-17.85590172 37.34310913 344.53390503
-17.19589615 35.64090347 344.47067261
-17.80232620 26.80778313 342.25494385
-17.89783096 26.11410904 341.61669922
-17.23274040 25.52912331 342.00018311
-16.43105125 25.50279045 343.82470703
-17.21274185 24.96103477 341.95068359
-16.52956772 24.94296265 342.73361206
-17.19268227 24.39288330 341.90231323
-16.54917717 24.37709427 342.33630371
-17.17265320 23.82453537 341.85391235
-16.51235962 23.72103310 342.70916748
-17.23345375 23.25681496 341.10440063
-16.57797432 21.84283066 342.01138306
-16.51788139 21.27584076 342.31307983
-16.53757858 20.70583344 341.91452026
-15.77779865 20.69876099 343.39724731
-16.51739693 20.13709641 341.86605835
-15.79651928 20.12960434 343.00167847
-16.49715424 19.56835175 341.81762695
-15.81545162 19.55929565 342.60507202
-16.47197723 18.87376022 342.22943115
-15.83061314 18.86230659 342.66564941
-15.84564972 18.16546440 342.72732544
-15.78614330 17.60256195 343.02728271
-15.78467846 16.46196365 342.58316040
-15.77515793 13.93502235 342.60873413
-15.75457859 13.36692047 342.56130981
-16.33451271 12.81494427 342.42294312
-16.31387520 12.24670315 342.37445068
-15.71354294 12.23048019 342.46539307
-16.37364960 11.65785694 341.62670898
-15.69293499 11.66213799 342.41702271
-16.35297966 11.08832073 341.57824707
-15.67229366 11.09354496 342.36953735
-16.31142235 9.94901466 341.48214722
-18.12543678 9.19196129 341.73519897
-16.32749939 9.25408459 341.54293823
-18.83340454 8.60111904 340.54949951
-18.14661980 8.61017895 341.33599854
-16.34354782 8.55954266 341.60375977
-18.12573624 8.04080200 341.28646851
-16.92348289 8.00688839 341.46527100
-16.28227425 8.00361633 341.90612793
-18.10466766 7.47126102 341.23794556
-16.90253830 7.43726301 341.41674805
-16.30187035 7.42032051 341.50772095
-18.12569618 6.88706064 340.83853149
-16.88153267 6.86753798 341.36825562
-16.28089333 6.85054874 341.45916748
-18.10466003 6.31684303 340.78900146
-17.46143723 6.31486511 341.22882080
-16.86067581 6.29770994 341.31967163
-17.46096992 5.15876818 340.77975464
-17.47695541 4.46516895 340.84152222
-21.73523712 3.10280275 353.20620728
-19.40902138 2.96498108 353.84231567
-21.20927429 2.36741757 353.16198730
-21.22634888 1.73370063 353.07315063
-17.93088722 46.32770538 345.09851074
-15.26754570 21.64792061 342.88433838
-15.55494118 21.05416298 342.59103394
-15.55867100 20.46705055 342.54205322
-16.53139877 19.59399796 342.58441162
-15.84765053 19.87137985 342.24728394
-14.94026756 19.02295494 342.30682373
-15.45751858 18.43679619 342.61495972
-16.54447746 17.82990646 342.43496704
-15.46118736 17.84968376 342.56594849
-16.54811478 17.24159813 342.38580322
-15.46555710 17.26261711 342.51623535
-15.75386429 16.66379738 342.22216797
-16.55666733 16.06478882 342.28598022
-15.75826454 16.07593918 342.17233276
-16.56091499 15.47623062 342.23608398
-15.76180935 15.48783493 342.12316895
-16.56522369 14.88767719 342.18612671
-15.76541615 14.89973259 342.07397461
-16.56870651 14.29887962 342.13681030
-16.57292366 13.71002674 342.08679199
-16.52016258 12.98923397 342.14895630
-15.72063160 13.00297737 342.03713989
-16.46746445 12.26884079 342.21115112
-15.66802311 12.28317547 342.09948730
-15.67224026 11.69511700 342.04956055
-16.47586632 11.09143543 342.11111450
-15.67578602 11.10681820 342.00033569
-16.76624298 10.48509121 341.81579590
-15.96500206 10.50115204 341.70520020
-16.48347282 9.91368580 342.01171875
-16.77384949 9.30600071 341.71624756
-18.38286400 8.68130875 341.89080811
-16.77803421 8.71632195 341.66613770
-18.67552757 8.07059860 341.59460449
-17.58431435 8.10849380 341.72726440
-16.78139687 8.12652206 341.61660767
-18.68025970 7.47907829 341.54348755
-17.58834648 7.51808500 341.67700195
-17.07250214 7.51629639 341.32022095
-17.88064194 6.90656900 341.38034058
-17.07662582 6.92578459 341.26995850
-17.90494728 6.13606167 341.39920044
-16.81379700 6.17750406 341.53506470
-17.77469444 5.46637583 341.50711060
-16.97089195 5.48671246 341.39709473
-17.72611809 4.15651083 341.52056885
-16.52979088 3.40855312 345.05734253
-17.59613037 50.46419144 346.29248047
-17.99737549 49.88484955 346.27490234
-17.76984024 49.15227127 345.66098022
-17.70111656 47.23026657 345.60327148
-17.95764160 47.39911652 344.34017944
-17.71862793 46.63851547 345.57135010
-17.46808815 46.65107727 344.33413696
-17.35537148 46.03889465 345.52554321
-16.99107742 45.44025421 345.47979736
-17.00959778 44.84941864 345.44781494
-16.90475655 44.11338806 345.45437622
-17.56260490 43.38808060 345.48907471
-16.26465988 35.42938614 342.66268921
-14.51073647 26.04254150 342.30364990
-14.14996910 25.46540451 342.26016235
-14.54472637 24.86321449 342.23974609
-14.56221008 24.27346230 342.20776367
-14.95434093 22.30242348 342.18414307
-14.76334000 21.62699318 342.17691040
-16.35084152 20.37986755 343.98425293
-15.95632076 20.53669548 343.31597900
-14.55782986 20.45883942 342.71023560
-16.23155975 19.79226875 343.33959961
-14.57534504 19.86899185 342.67819214
-16.26667404 18.60758781 343.27499390
-15.87010860 18.76584053 342.60754395
-15.22722721 18.65567207 342.02838135
-16.28424644 18.01514053 343.24273682
-15.76505947 18.03972816 342.61865234
-15.24379444 18.06439972 341.99630737
-15.78156471 17.44776535 342.58642578
-15.79910660 16.85581589 342.55419922
-15.81564236 16.26365662 342.52197266
-15.29434776 16.29022026 341.89987183
-15.83318520 15.67151546 342.48968506
-16.99610329 15.01100826 342.49447632
-15.86625290 14.48698902 342.42514038
-15.34395504 14.51531982 341.80340576
-15.76114464 13.76264763 342.43704224
-15.23783779 13.79164886 341.81552124
-17.04689407 13.22854805 342.39739990
-16.48887825 11.98669624 342.34588623
-15.90563393 11.97017574 341.13259888
-16.08717346 11.23600674 342.36471558
-16.10373878 10.64324188 342.33248901
-15.96087170 10.64815331 341.72268677
-15.97746754 10.05530739 341.69046021
-16.90301895 9.40074348 342.29284668
-16.37660217 9.43406200 341.67010498
-15.84915066 9.46750164 341.04913330
-16.39319801 8.84047699 341.63787842
-15.86574554 8.87455177 341.01699829
-16.93620872 8.21226025 342.22808838
-16.40976334 8.24684238 341.60559082
-16.95380974 7.61795330 342.19573975
-16.42632866 7.65313721 341.57339478
-16.97040367 7.02355289 342.16336060
-16.85874176 5.83979273 341.48828125
-18.17512321 5.14219570 342.10357666
-16.28291893 5.20296764 341.47088623
-17.55759239 4.32217884 342.15072632
-17.02803802 4.36062908 341.52774048
-13.33092594 3.45199370 337.15457153
-13.05420589 3.33039522 336.60003662
-12.89726639 3.33664107 335.99917603
-12.97992229 3.59870410 335.30331421
-12.69914246 3.47743988 334.75103760
-12.41738415 3.35603786 334.19964600
-12.49698925 3.61881518 333.50408936
-12.33306026 3.62574172 332.90551758
-11.66946411 3.53897858 332.35418701
-19.14941788 2.40594220 353.11328125
-19.02170372 2.53820252 351.83795166
-18.89497948 2.54158235 351.22186279
-18.00958824 2.40836287 350.63885498
-17.23992729 2.53061152 349.35937500
-19.12357330 2.66891932 345.67514038
-19.20266914 2.70102477 344.44024658
-18.16466713 2.64842749 343.84289551
-17.89808273 2.52577567 343.27633667
-17.87801743 2.65840864 342.61877441
-17.60844231 2.53583694 342.05361938
-17.70913506 2.79688549 341.35046387
-17.30703735 2.75592709 340.75738525
-16.52023506 2.74994135 340.15512085
-18.13508415 50.21579742 346.94821167
-17.66723633 50.19723892 345.63293457
-18.15235329 49.63345718 346.93496704
-17.56838608 49.47287369 345.56509399
-18.08350372 49.32590866 344.45382690
-17.46947098 48.74891663 345.49734497
-18.09988785 48.74566650 344.44003296
-18.18700790 48.46839523 346.90838623
-18.08727074 47.74242783 346.84002686
-17.24294662 47.58487320 345.21011353
-17.98747253 47.01685715 346.77175903
-17.25948715 47.00493622 345.19616699
-17.48173332 46.43051910 346.23361206
-17.53693199 46.42686462 345.44317627
-17.49909210 45.84918976 346.22033691
-17.55417061 45.84622955 345.42993164
-17.25517845 45.26690292 345.94497681
-17.30973625 45.26452637 345.15518188
-17.27174568 44.68606186 345.93103027
-17.32697678 44.68418884 345.14196777
-17.34351349 44.10384750 345.12805176
-17.30570412 43.52399826 345.90374756
-17.36014175 43.52341461 345.11404419
-17.20694542 42.80212402 345.83724976
-17.21305084 42.84956360 344.97833252
-16.58823776 42.08506775 345.24838257
-16.60477448 41.50532913 345.23443604
-16.88169861 40.92222977 345.48199463
-16.89902878 40.34180069 345.46871948
-16.91623688 39.76137161 345.45550537
-17.19322014 39.17566681 345.70303345
-17.29715919 39.18281937 344.12286377
-17.21055031 38.59443283 345.68972778
-17.00225830 38.60417557 344.63803101
-17.31369591 38.60278702 344.10891724
-16.80307579 37.92914581 345.29254150
-16.90285873 37.88558197 344.57211304
-16.57857323 37.75849152 343.47268677
-16.49135208 37.16897202 345.03463745
-16.28495407 37.18139267 343.98663330
-16.59502029 37.17985153 343.45883179
-16.30216408 36.60275650 343.97344971
-16.61146545 36.60121536 343.44503784
-16.94935036 36.09025574 345.39056396
-16.31861115 36.02391052 343.95959473
-16.62791252 36.02247238 343.43121338
-16.80198860 35.42049789 345.25509644
-16.33511925 35.44507217 343.94570923
-16.64442062 35.44362640 343.41729736
-16.55908775 34.84913254 344.98016357
-16.61094093 34.85688019 344.19155884
-16.57632828 34.26889038 344.96694946
-16.88679123 34.26748276 344.43740845
-16.28151894 33.69015503 345.48205566
-16.59295654 33.68865585 344.95294189
-16.64477921 33.69761276 344.16439819
-16.29884911 33.10982513 345.46878052
-16.61025620 33.10832214 344.93969727
-17.22910690 33.10558319 343.87979126
-16.62688446 32.52788544 344.92565918
-17.24564362 32.52524185 343.86587524
-16.38536072 31.95952988 344.65219116
-17.26211929 31.94480515 343.85198975
-17.56944084 31.94355202 343.32135010
-16.28544998 31.24421692 344.58676147
-16.95000648 31.19207573 343.59725952
-16.54296875 30.53994179 343.20382690
-17.09362793 29.35265732 343.69372559
-17.93738365 28.74057579 343.66879272
-17.75302696 27.60935211 342.58978271
-16.42720795 27.09754753 342.07366943
-17.76871109 27.02890587 342.57528687
-15.39339638 26.28938675 341.97491455
-15.69561958 26.28829575 341.44650269
-15.15377140 25.73071098 341.70513916
-14.75179482 25.02367401 342.16940308
-14.91332531 25.17312622 341.43469238
-14.42901802 23.18433380 341.82138062
-14.84527874 23.31450081 341.34262085
-14.70013428 22.58770180 342.06347656
-14.74656010 22.60786629 341.28024292
-14.76215553 22.03231430 341.26583862
-14.98830795 21.41312599 342.29254150
-15.03357601 21.43449211 341.50762939
-15.30508804 20.83547401 341.74932861
-15.32144547 20.25863075 341.73556519
-15.54911804 19.63453102 342.76507568
-15.33706856 19.68168259 341.72113037
-16.01093102 19.26789665 343.89770508
-15.30867386 19.08086967 342.49322510
-15.35339546 19.10473633 341.70742798
-15.58118916 18.47813988 342.73678589
-15.36902046 18.52778816 341.69296265
-15.85516453 17.87411690 342.98175049
-15.89857769 17.89930534 342.19299316
-15.68360233 17.95020485 341.14910889
-15.87088013 17.29527283 342.96722412
-15.91420078 17.32105827 342.17849731
-16.21389198 17.32064629 341.64840698
-15.62976742 16.74321175 342.69461060
-15.93049526 16.74271202 342.16482544
-16.22948456 16.74239540 341.63400269
-16.52731323 16.74216080 341.10287476
-16.16124153 16.10990334 343.19836426
-15.94617939 16.16436386 342.15039063
-16.24504662 16.16414642 341.61962891
-15.66189861 15.58632278 342.66632080
-15.96183395 15.58601856 342.13595581
-15.67831516 15.00778198 342.65252686
-15.72081375 15.03603935 341.86462402
-15.47909164 14.48715973 341.59265137
-15.70971489 13.85058975 342.62350464
-15.75212193 13.88014603 341.83572388
-16.24136734 13.21128941 343.12710571
-15.77521515 13.20718098 341.87487793
-15.80571747 12.43909454 341.96768188
-16.27349663 12.05150223 343.09875488
-15.54085636 12.17726517 341.53421021
-16.17117691 11.34490490 343.03573608
-16.21200180 11.37706947 342.24530029
-16.25084114 11.40928841 341.45541382
-16.11026382 10.67147255 342.18301392
-16.14895058 10.70438576 341.39334106
-16.16445160 10.12611389 341.37902832
-15.94445515 10.19303703 340.33444214
-16.39994812 9.47952080 342.41354370
-16.17998505 9.54777336 341.36468506
-16.67339897 8.86540794 342.65765381
-16.19472313 8.96938419 341.34973145
-16.43045998 8.32036018 342.38400269
-16.46854019 8.35589409 341.59347534
-16.48333931 7.77686977 341.57843018
-16.75779915 7.16151047 341.82293701
-17.03167534 6.54500055 342.06661987
-16.54876137 6.65634441 340.75869751
-17.08168793 6.00311518 341.25967407
-17.06194305 5.38439941 342.03738403
-17.09636307 5.42344522 341.24478149
-17.33639717 4.76540947 342.28189087
-17.11100960 4.84375286 341.22991943
-17.61158180 4.14512205 342.52709961
-17.26664162 4.10096312 341.42672729
-15.50721264 3.51366711 342.18850708
-17.06769943 39.59260178 345.03298950
-17.00620079 38.87990189 343.64199829
-16.45800018 37.22850037 343.79501343
-16.43300056 36.58800125 343.60900879
-16.43700027 34.87400055 343.68200684
-16.52529907 34.49110031 345.33401489
-16.96299934 34.17200089 343.41400146
-16.50070000 33.83819962 345.48800659
-16.50650024 33.29040146 345.14498901
-17.00760078 33.14300156 343.59600830
-16.98200035 32.50429916 343.41000366
-16.52020073 32.16090012 345.48400879
-16.98830032 31.94820023 343.40798950
-16.46139908 31.46369934 344.42898560
-16.99580002 31.37919998 343.74499512
-16.43530083 30.83810043 343.90399170
-17.56839943 30.80690002 343.58300781
-16.44070053 30.30920029 343.22500610
-17.57469940 30.25020027 343.58099365
-16.44829941 29.72439957 343.89999390
-17.58099937 29.69339943 343.57901001
-16.45520020 29.15239906 344.23800659
-17.02129936 29.15200043 343.73901367
-17.58729935 29.13660049 343.57800293
-16.46120071 28.61039925 343.89801025
-17.54520035 28.45190048 343.46701050
-14.67280006 27.87770081 343.47900391
-14.67940044 27.32189941 343.47900391
-18.07010078 27.22949982 342.51699829
-14.68599987 26.76600075 343.47799683
-15.81900024 26.78669930 342.15301514
-17.51269913 26.68910027 342.67800903
-15.26140022 26.24769974 342.30999756
-17.51889992 26.13339996 342.67599487
-14.63959980 25.53510094 342.43701172
-15.17370033 25.46039963 341.76000977
-15.78450012 25.57069969 341.70800781
-16.34729958 25.55540085 341.54699707
-14.61499977 24.90340042 342.25299072
-15.18019962 24.90690041 341.75900269
-15.74320030 24.89159966 341.60000610
-16.30570030 24.87630081 341.43899536
-14.62150002 24.34930038 342.25201416
-15.18669987 24.35330009 341.75799561
-15.74960041 24.33810043 341.59799194
-16.31209946 24.32290077 341.43798828
-14.62810040 23.79509926 342.25100708
-15.19320011 23.79969978 341.75698853
-15.75609970 23.78450012 341.59698486
-16.31839943 23.76939964 341.43600464
-14.63469982 23.24080086 342.25000000
-15.19970036 23.24600029 341.75601196
-15.76249981 23.23089981 341.59500122
-16.32460022 23.23629951 341.10000610
-14.64130020 22.68650055 342.24899292
-15.20619965 22.69230080 341.75399780
-15.76889992 22.67720032 341.59399414
-16.33099937 22.68320084 341.09899902
-14.64780045 22.13220024 342.24798584
-15.77530003 22.12350082 341.59201050
-16.33740044 22.10860062 341.43099976
-15.21809959 21.56270027 342.08700562
-15.78180027 21.56970024 341.59100342
-16.34370041 21.57679939 341.09500122
-15.22459984 21.00819969 342.08599854
-15.78820038 21.01589966 341.58898926
-16.35009956 21.00110054 341.42700195
-14.66259956 20.39949989 343.25399780
-15.80060005 19.88439941 341.92098999
-15.14280033 19.02569962 342.87399292
-15.76760006 19.21689987 342.03601074
-15.26029968 17.60339928 343.08599854
-15.75220013 17.45649910 342.08999634
-16.33930016 17.55489922 341.30899048
-15.73490047 16.86680031 341.70001221
-16.29669952 16.87879944 341.20098877
-15.23060036 15.81219959 342.97500610
-15.74590015 15.70320034 342.36801147
-16.30920029 15.77120018 341.19699097
-15.75310040 15.17570019 342.03100586
-15.75850010 14.59220028 342.36499023
-15.76490021 14.03660011 342.36300659
-15.77120018 13.48099995 342.36099243
-15.77750015 12.92529964 342.35900879
-15.78639984 12.46129990 341.35000610
-15.79100037 11.84490013 342.01901245
-15.77239990 11.22970009 341.96398926
-16.25959969 11.09959984 340.96798706
-15.70390034 10.49510002 341.80200195
-16.26460075 10.48130035 341.63598633
-15.76529980 9.47109032 342.23999023
-16.34390068 9.55272961 341.54901123
-15.72259998 8.83018017 341.79598999
-16.28300095 8.81663990 341.62899780
-18.51860046 8.76375961 340.95199585
-16.28770065 8.19270992 342.29901123
-18.62999916 8.37831974 341.83401489
-16.29520035 7.70667982 341.62399292
-16.90519905 7.81213999 341.56201172
-18.55870056 7.64369011 341.67199707
-16.30130005 7.15164995 341.62200928
-16.86079979 7.17395020 341.11801147
-18.53879929 7.02853012 341.61499023
-16.86680031 6.61950016 341.11499023
-16.87859917 5.43633986 341.78100586
-17.43729973 5.46074009 341.27499390
-16.88459969 4.88074017 341.77899170
-17.44319916 4.90575981 341.27099609
-14.67280006 4.07156992 331.57598877
-15.28330040 4.25974989 331.11898804
-11.99110031 3.69850993 332.24798584
-14.14080048 3.62074995 331.10598755
