-16.54896927 46.64432144 342.74346924
-16.53900909 46.11151886 342.75161743
-15.27585220 45.88241959 343.99783325
-15.03104687 45.35480118 344.21618652
-15.02101803 44.81842041 344.22451782
-15.55736542 42.92152405 344.36660767
-16.50815010 42.88211060 344.25671387
-15.78282166 42.37962341 344.16412354
-16.49812126 42.34670639 344.26495361
-16.48882866 41.81129074 344.27255249
-15.29319763 41.31683350 344.60104370
-16.24517822 41.28027725 344.49075317
-17.00531578 41.19325256 346.78784180
-15.28319836 40.77972412 344.60946655
-16.23518181 40.74418640 344.49908447
-16.99583244 40.65473175 346.79544067
-15.27322865 40.24262238 344.61779785
-16.22591591 40.20795822 344.50668335
-17.22171783 40.11261368 346.58886719
-15.02691364 39.70856857 344.83764648
-16.21600914 39.67167282 344.51510620
-17.21226692 39.57441330 346.59643555
-15.01761532 39.17076492 344.84542847
-15.97222996 39.13794327 344.73333740
-17.20281410 39.03609848 346.60400391
-15.00843811 38.63283920 344.85308838
-15.96223068 38.60103607 344.74182129
-17.19333076 38.49777985 346.61154175
-14.76123428 38.09662247 345.07363892
-17.41931152 37.95764923 346.40515137
-14.75199509 37.55800247 345.08142090
-15.47163963 37.52937317 345.18084717
-17.17457771 37.42076492 346.62667847
-15.80444622 36.90508270 344.84100342
-16.93042374 36.88277054 346.84753418
-17.41637421 36.85528183 347.15402222
-14.49490547 36.48096848 345.31039429
-16.00755119 36.19758224 344.57638550
-14.48569489 35.94165421 345.31823730
-17.16239357 35.77658844 347.38351440
-15.51649284 35.12181473 345.01501465
-17.15364075 35.23675537 347.39028931
-15.74284458 34.58508682 344.81182861
-16.90831757 34.69546890 347.61288452
-15.96929073 34.04926682 344.60870361
-16.64798164 34.18421936 347.09957886
-15.48731136 33.50732040 345.03958130
-16.74489975 33.56026459 346.96887207
-15.47740078 32.96892929 345.04809570
-15.46825218 32.43050385 345.05599976
-15.22262383 31.88821793 345.27532959
-15.21271133 31.34912682 345.28384399
-15.43931198 30.81479454 345.08078003
-15.18449974 29.73149681 345.30807495
-15.28078079 29.11104965 345.17956543
-15.97860241 28.92138481 345.21139526
-14.91836357 28.10594749 345.54531860
-15.18736172 27.44936180 345.24099731
-15.95024300 27.30557060 345.23544312
-14.98145676 26.77750587 345.36083984
-15.94106388 26.76674652 345.24325562
-14.96242237 25.69769669 345.37725830
-15.92194366 25.68904114 345.25964355
-14.95250797 25.15769958 345.38589478
-15.91279316 25.15001869 345.26748657
-14.94344807 24.61768150 345.39379883
-15.90370655 24.61100578 345.27532959
-15.17119122 24.08832932 345.19036865
-15.10948753 23.46310997 345.20211792
-15.88546753 23.53257561 345.29110718
-15.38987637 23.02054787 344.99493408
-15.91584587 22.87107849 345.19909668
-15.46023941 22.23727036 344.80322266
-15.94631577 22.20989227 345.10699463
-15.92798710 21.13176918 345.12268066
-15.91886997 20.59255219 345.13058472
-15.90974998 20.05333138 345.13845825
-15.40488529 19.00189972 344.85144043
-15.89148045 18.97469902 345.15423584
-15.39588737 18.46237946 344.85940552
-16.11911392 18.45114326 344.95062256
-15.09578514 17.82094574 345.08251953
-15.36794853 16.84364891 344.88400269
-16.06540871 16.66857529 344.91070557
-16.39733124 16.07372665 344.57052612
-16.15191650 15.51694584 344.78915405
-16.37912941 14.99699879 344.58636475
-16.86621666 14.97007275 344.88531494
-14.65970707 9.94862366 340.70635986
-15.90757370 8.85812759 341.82702637
-16.61009407 8.78651619 344.97698975
-14.97075653 8.26124382 341.13659668
-15.89873600 8.32252598 341.83511353
-16.83799171 8.27235222 344.77319336
-15.89066219 7.78686428 341.84255981
-16.37961578 7.64420080 344.38305664
-16.86713409 7.61781216 344.67944336
-15.88182640 7.25116539 341.85070801
-15.67457104 6.57464266 341.96624756
-16.39134979 5.91303682 344.30453491
-17.11493874 5.91374826 344.38983154
-16.38213921 5.37449026 344.31234741
-17.34223366 5.40321875 344.18682861
-15.84730053 5.10786390 341.88244629
-16.37378502 4.83588266 344.31954956
-17.33378983 4.86564827 344.19393921
-16.36536980 4.29723644 344.32675171
-17.32534599 4.32804394 344.20111084
-17.31690216 3.79039741 344.20819092
-15.92142582 3.10343719 343.13037109
-17.30919075 3.25269389 344.21466064
-17.39727592 2.51883793 341.69509888
-17.37373543 2.48771453 344.02066040
-16.43252373 46.32686996 342.71383667
-16.41173363 46.25756836 344.37561035
-16.38426781 45.72819519 344.37533569
-16.04959679 45.21290588 344.34686279
-16.32918358 44.66894913 344.37506104
-16.30168724 44.13915634 344.37503052
-15.45637131 43.70659256 344.32104492
-15.93838692 43.09185410 344.34652710
-16.31852341 42.47032547 343.79534912
-16.06523323 41.51750565 343.81173706
-14.92894363 41.53341675 344.26071167
-17.06784439 41.20547485 347.17779541
-16.74495697 40.83818054 343.83496094
-15.37640953 40.90139771 344.27554321
-17.21019173 40.06552505 346.04647827
-17.79542160 39.51736832 346.10037231
-15.51559639 39.08068085 345.34692383
-17.15614700 39.00661469 346.04656982
-15.48797321 38.54879761 345.34698486
-17.12862015 38.47694778 346.04669189
-15.46028900 38.01673126 345.34707642
-16.85789680 37.84404373 346.54776001
-15.43272591 37.48465729 345.34722900
-15.51301479 37.00380707 344.24868774
-15.40507221 36.95247269 345.34735107
-15.17594242 36.47883224 344.22000122
-15.99527931 36.40669250 345.40338135
-17.41660500 36.04618835 347.09545898
-17.38910866 35.51642227 347.09552002
-17.36255646 34.98650742 347.09561157
-15.59010410 34.62456512 344.17779541
-15.69084072 34.59495544 344.74069214
-16.10109520 34.56027603 345.33154297
-16.72191811 34.46649551 347.04299927
-15.66321754 34.06307602 344.74102783
-16.07344246 34.02888489 345.33172607
-16.38679314 33.93998718 347.01660156
-15.63556480 33.53120422 344.74130249
-16.04590988 33.49740982 345.33209229
-16.52519798 33.32349014 347.00079346
-15.60797215 32.99911880 344.74169922
-15.71066189 32.96943665 345.30429077
-15.58037758 32.46703720 344.74206543
-15.68309784 32.43725586 345.30459595
-15.55266190 31.93474770 344.74246216
-15.65541458 31.90507317 345.30499268
-15.60013485 30.84019470 345.30590820
-15.70493031 30.81034470 345.86804199
-15.80966568 30.78049469 346.42987061
-15.65750217 30.08938980 344.66992188
-15.66738796 30.18351936 345.26916504
-15.77212334 30.15357208 345.83111572
-15.87685871 30.12362480 346.39266968
-15.62984753 29.55720711 344.67034912
-15.83831120 29.49714851 345.79403687
-15.94408226 29.46705818 346.35549927
-15.81166172 28.96472168 345.79449463
-15.05988503 28.46187210 345.17605591
-15.78409767 28.43223953 345.79495239
-15.03216743 27.92838669 345.17657471
-16.06511688 27.90041733 345.82336426
-15.00450897 27.39480400 345.17709351
-15.72872639 27.36697769 345.79583740
-14.97675991 26.86111450 345.17767334
-15.39230442 26.83253479 345.76824951
-14.94907093 26.32734299 345.17810059
-15.36464787 26.29925156 345.76882935
-14.92138290 25.79345703 345.17883301
-15.74067211 25.64614296 345.75946045
-15.02823639 23.94754982 345.10430908
-16.06157494 23.92967224 345.75128174
-15.00048637 23.41366386 345.10498047
-16.03492355 23.39714432 345.75198364
-15.28172302 22.88481903 345.13464355
-16.00726891 22.86465454 345.75265503
-15.25397396 22.35133743 345.13531494
-15.67071724 22.32641602 345.72500610
-15.22625542 21.81764984 345.13607788
-15.64403725 21.79319382 345.72576904
-15.36500359 21.20573616 345.12075806
-15.61466694 19.45030022 345.09091187
-16.34037781 19.43584061 345.70822144
-15.47916126 18.94776344 344.53134155
-15.89603233 18.92555428 345.12088013
-16.31284332 18.90354538 345.70901489
-15.45153522 18.41447830 344.53228760
-15.86831665 18.39275932 345.12176514
-16.14974594 17.86921310 345.15173340
-15.39612865 17.34760284 344.53417969
-16.12209129 17.33672333 345.15267944
-15.46253872 16.69548416 344.49603271
-16.18856621 16.68561172 345.11453247
-15.83703327 16.05463600 344.48767090
-16.25500679 16.03478813 345.07635498
-15.80943775 15.52175140 344.48864746
-16.22738266 15.50240135 345.07723999
-15.78171921 14.98876095 344.48965454
-16.50793457 14.98178673 345.10745239
-15.75412464 14.45576954 344.49069214
-16.78839684 14.46216774 345.13769531
-16.23365593 13.84692860 344.50207520
-16.76080513 13.93038082 345.13870239
-16.44827843 12.11827946 344.47589111
-16.86537743 12.10180092 345.06277466
-16.11237907 11.57123375 344.44677734
-16.83876038 11.57016754 345.06390381
-16.39299774 11.05399799 344.47808838
-16.81211472 11.03843498 345.06497192
-16.41483688 10.54096508 340.56045532
-16.05697823 10.50584984 344.44909668
-16.78446007 10.50664139 345.06604004
-15.77377701 9.97772694 340.49475098
-16.03032684 9.97301769 344.45028687
-16.75784302 9.97471142 345.06723022
-15.13060856 9.41247845 340.42871094
-16.15614128 9.43076324 341.08813477
-16.20083237 9.35466099 344.43148804
-16.82350159 9.32754135 345.02825928
-15.51294041 8.86489582 341.02307129
-16.47098732 8.69429398 344.40270996
-16.89013863 8.68063736 344.98913574
-16.75072861 8.17989826 344.43411255
-16.86248207 8.14892483 344.99032593
-14.84088612 7.76332808 340.95956421
-15.56230068 7.76800776 341.58514404
-16.41564560 7.62981319 344.40509033
-14.81118393 7.22960329 340.96109009
-15.22627258 7.21655655 341.55371094
-16.38899803 7.09742880 344.40631104
-17.42209244 7.12275600 345.05194092
-15.19757748 6.68320274 341.55523682
-16.36134148 6.56502533 344.40753174
-17.39550591 6.59174490 345.05313110
-15.91434956 6.04396105 343.82128906
-16.33225441 4.92975426 343.83816528
-16.68119812 4.87463236 344.40118408
-16.63413048 4.26058960 343.80624390
-16.60647392 3.72867131 343.80761719
-15.63125324 3.24653220 342.07574463
-16.27227020 3.17450309 343.77792358
-17.41967392 3.17889428 344.97943115
-16.55214310 2.66459966 343.81036377
-15.71528435 1.71541178 331.43719482
-16.10931969 1.70489192 332.03646851
-16.40425301 1.68689549 332.62078857
-16.11178017 1.85804784 333.22595215
-16.29997444 1.71514583 333.74530029
-16.69907761 1.70511758 334.34133911
-17.19074059 1.58557773 334.89794922
-17.19702148 1.66267622 335.49160767
-17.29687309 1.63012946 336.04678345
-17.39764023 1.59767497 336.60186768
-17.87022209 1.63293552 337.21847534
-20.48832703 1.31461072 348.95193481
-20.91421318 1.30851412 349.52514648
-21.03729820 1.27880526 350.07183838
-21.16242790 1.24916172 350.61816406
-21.28850365 1.21962011 351.16409302
-21.54279518 1.16086268 352.25491333
-21.67103958 1.13166821 352.79968262
-22.07235336 1.16435909 353.93124390
-15.79471207 1.07773042 340.40060425
-15.91608143 1.22479880 341.03442383
-16.11828804 1.08180046 341.55084229
-16.22811890 1.05028808 342.10690308
-16.47118950 1.06798959 343.81469727
-17.66496277 0.96209639 346.64456177
-16.94229126 46.56283569 343.13647461
-16.07299423 46.47957230 344.78778076
-16.64159203 45.86650848 343.62542725
-16.13102150 45.80440521 344.81198120
-16.25190735 45.30315399 344.06829834
-16.09734726 45.26287842 344.78839111
-16.21890259 44.76119614 344.04547119
-16.06440544 44.72121429 344.76550293
-15.78295994 44.25489426 343.51242065
-16.03070068 44.17946625 344.74197388
-15.79706573 43.65492249 344.46603394
-16.44248199 42.70383835 346.98062134
-14.29923916 43.08022690 345.34252930
-17.53467941 41.87644196 347.33068848
-14.46860504 42.51998520 345.57257080
-16.78762245 41.79163742 343.80868530
-17.30400658 41.35390472 347.05889893
-14.52736378 41.84409714 345.59591675
-16.75376511 41.24990845 343.78533936
-16.71981621 40.70799255 343.76190186
-17.38945198 40.31398392 346.29791260
-15.10723495 40.63286591 345.38027954
-16.48614311 40.18019485 343.48437500
-17.35566139 39.77507401 346.27465820
-15.42594337 40.11265564 344.88830566
-15.07407665 40.08997345 345.35751343
-16.09798050 39.61505890 343.92837524
-17.32260323 39.23598862 346.25201416
-15.39190006 39.56974411 344.86499023
-15.33097839 39.18494034 347.37243652
-16.06399727 39.07223511 343.90509033
-17.28951263 38.69679642 346.22958374
-15.45093632 38.89577103 344.88836670
-15.09711933 38.65687561 347.09912109
-15.71000576 38.20952606 345.16424561
-16.76583099 37.47763443 346.44494629
-16.14659882 37.18252945 343.92828369
-17.02244186 36.79679871 346.71807861
-15.09191322 37.11307526 345.33511353
-16.11252403 36.63960648 343.90499878
-16.98935127 36.25751495 346.69561768
-15.05796146 36.56995773 345.31179810
-16.07845116 36.09658051 343.88177490
-15.02452755 36.02657318 345.28915405
-16.04364395 35.55341339 343.85784912
-16.92292976 35.17835999 346.65072632
-14.99054432 35.48315048 345.26580811
-16.00953865 35.01020050 343.83459473
-15.85844231 34.97699356 344.55740356
-16.88968468 34.63867950 346.62832642
-14.95711136 34.93970108 345.24328613
-15.97531223 34.46678162 343.81149292
-15.71701717 34.31413269 344.32681274
-15.76748657 34.27227402 345.30261230
-15.97530746 33.63343811 344.60256958
-15.82604122 33.60116959 345.32504272
-16.14160919 33.08258057 344.83346558
-15.79267120 33.05868149 345.30261230
-16.04441071 33.01095581 346.52755737
-15.96577644 32.70745850 343.78860474
-15.90773773 32.54763794 344.55700684
-15.75853729 32.51616287 345.27938843
-15.61031342 32.48468781 346.00097656
-16.02344513 32.03569412 343.81054688
-15.87351227 32.00451279 344.53381348
-15.72425079 31.97353745 345.25634766
-15.57685184 31.94239616 345.97860718
-15.98924637 31.49207878 343.78738403
-15.83925533 31.46139336 344.51074219
-15.69072533 31.43066025 345.23400879
-15.54329777 31.40002823 345.95626831
-15.89547920 30.59697533 346.27569580
-15.77055645 30.37465477 344.46463013
-15.82935715 29.70402527 344.48690796
-15.77501774 29.54754066 345.25607300
-16.02705193 29.50850105 346.48141479
-15.88892078 29.03374672 344.50997925
-15.74079227 29.00472260 345.23303223
-15.99352837 28.96702003 346.45919800
-15.90597630 28.45785522 345.46249390
-15.67273521 27.91872215 345.18780518
-15.63771725 27.37556076 345.16403198
-15.75055027 26.76820755 345.29058838
-15.65898991 26.80245018 346.11828613
-16.15589333 26.03407097 345.71405029
-16.12221718 25.49189377 345.69198608
-15.63542461 24.97829628 344.18539429
-15.88820934 24.95051956 345.41638184
-16.00030327 24.43329048 344.67031860
-15.85379982 24.40769386 345.39352417
-15.76598740 23.88976097 344.39361572
-15.81993866 23.86461639 345.37142944
-15.73142338 23.34584427 344.37072754
-15.58580685 23.32104492 345.09582520
-15.69673634 22.80171967 344.34799194
-15.55130291 22.77732277 345.07302856
-15.66208076 22.25750542 344.32522583
-15.77542210 22.06953812 345.27813721
-15.87007999 21.44452286 345.36938477
-15.63676453 20.89869690 345.09426880
-15.61728096 20.45882225 344.23181152
-15.80150318 20.35823250 345.32461548
-15.71178436 19.83341599 344.32330322
-15.76688004 19.81490517 345.30200195
-15.67712688 19.28909874 344.30059814
-15.93235493 19.27558708 345.53302002
-15.64225769 18.74467278 344.27795410
-15.75256920 18.22111893 343.52896118
-15.80705929 18.20514679 344.50961304
-16.21099854 17.56527901 344.06008911
-16.06609344 17.54477310 344.78482056
-16.27078629 16.89954758 344.08187866
-16.12597275 16.87954140 344.80654907
-16.23591614 16.35562706 344.05926514
-16.28952980 16.34272385 345.03689575
-16.20025444 15.81166935 344.03604126
-16.25539398 15.79955292 345.01522827
-16.16538620 15.26744461 344.01351929
-16.22052574 15.25633240 344.99261475
-16.42408943 14.61085892 344.28927612
-16.27998352 14.59265232 345.01348877
-16.48342514 13.94698334 344.31011963
-16.64659119 13.41256046 344.54113770
-16.55828094 12.87675285 343.54037476
-16.61163139 12.86943722 344.51876831
-16.52249527 12.33258915 343.51724243
-16.57654762 12.32612038 344.49639893
-16.48750305 11.78826809 343.49487305
-16.83419800 11.67443085 344.77081299
-17.09108543 11.02419853 345.04461670
-15.82528687 10.13950443 339.95440674
-16.96729088 9.94212246 344.02304077
-17.02104759 9.93965530 345.00000000
-16.73395729 9.38606167 343.74588013
-16.98603058 9.39723301 344.97772217
-15.60428619 9.02800751 340.63861084
-16.89636612 8.85543156 343.97784424
-16.95091820 8.85470772 344.95550537
-15.56742477 8.47984219 340.61486816
-16.66284561 8.29815865 343.70068359
-16.62763786 7.75402832 343.67834473
-16.94518471 7.13672543 344.04650879
-15.65872478 6.84966230 340.80487061
-17.14256287 6.46211910 344.22836304
-17.10726929 5.91908693 344.20629883
-17.07142448 5.37602091 344.18334961
-17.17878723 4.84369421 343.43649292
-17.03612900 4.83280039 344.16119385
-17.14339828 4.29991961 343.41445923
-17.19793892 4.30668592 344.39273071
-15.82241440 3.76585197 341.81155396
-17.12120247 2.97186780 344.18011475
-15.09807014 47.78372955 344.74963379
-16.81742668 43.01863480 344.37988281
-16.79787445 42.45438385 344.33560181
-16.85634613 41.92240143 343.59527588
-16.83673286 41.35684967 343.55099487
-17.24720001 40.43632507 345.72167969
-16.78582573 40.67916870 344.04187012
-17.22759247 39.87407303 345.67758179
-16.78174400 39.92116547 344.37289429
-15.49919128 39.87213898 345.22616577
-14.85996246 39.84769821 345.65332031
-17.23897934 39.17539597 345.74060059
-16.76213074 39.35670471 344.32864380
-15.47958183 39.30857086 345.18191528
-14.84920120 39.18871689 345.79638672
-17.25042725 38.47705460 345.80169678
-15.45391464 38.59511185 345.59017944
-17.19145203 37.90248489 346.10180664
-15.50402355 37.90797043 345.30895996
-17.21105957 37.35263824 345.71340942
-16.17674065 37.67646408 343.57916260
-15.48444366 37.34431076 345.26470947
-14.80819893 37.30961227 346.03833008
-17.15199471 36.77888489 346.01358032
-15.42693233 36.76921463 345.56683350
-14.78865147 36.74690628 345.99511719
-17.17150879 36.22774124 345.62512207
-15.40723133 36.20585632 345.52270508
-15.42527580 35.65280914 345.13305664
-17.11623764 34.81388855 346.43624878
-15.40544987 35.08870316 345.08978271
-16.47728539 33.67945862 346.42898560
-15.89677620 33.11411285 346.12332153
-16.63976860 32.73541260 344.16329956
-15.83851433 32.54402542 346.42370605
-15.93376732 32.00293350 345.34689331
-15.86953163 31.29296875 346.09924316
-15.80539227 30.58591270 346.84780884
-15.82367420 30.02960205 346.46099854
-15.84228802 29.47213173 346.07318115
-15.82222176 28.90928650 346.02899170
-15.80196953 28.34629250 345.98583984
-15.78178120 27.78324890 345.94165039
-15.80014420 27.22274590 345.55267334
-15.77986336 26.65890884 345.50842285
-15.78621292 24.70551109 345.58984375
-15.80469227 24.14152145 345.20065308
-15.74531269 23.57768631 345.50238037
-15.76375771 23.01234245 345.11206055
-15.70435047 22.44931602 345.41384888
-16.36141777 21.89405632 344.59155273
-15.71809578 21.75569344 345.47726440
-16.36828613 19.94005775 344.67297363
-15.69088078 19.93406868 345.45111084
-16.30793762 19.37919044 344.97381592
-15.67023182 19.36973381 345.40689087
-16.28725624 18.81426430 344.92950439
-16.30614853 18.24367523 344.53802490
-16.24559021 17.68405533 344.83996582
-16.25982666 16.99153900 344.90338135
-16.82158279 15.99478722 344.27279663
-16.87064743 15.17551899 344.44305420
-16.23221397 15.16917038 344.87615967
-16.84962845 14.60975075 344.39770508
-16.21128654 14.60384464 344.83184814
-16.82861137 14.04393101 344.35333252
-16.15049362 14.04789066 345.13299561
-16.84804153 13.46803761 343.96151733
-16.82690048 12.90147209 343.91613770
-16.76048851 12.23154068 344.67166138
-16.77482033 11.54111004 344.73519897
-16.75367928 10.97564316 344.68988037
-17.37096596 10.41288662 344.21017456
-16.77310562 10.39750004 344.29891968
-17.34979439 9.84671974 344.16479492
-16.75178146 9.83128071 344.25451660
-15.28379726 10.12744427 339.87728882
-17.36964607 9.26679897 343.77273560
-17.38952255 8.68566608 343.38064575
-16.38064575 8.23139286 340.84262085
-17.34163094 7.44277048 343.74551392
-16.31844139 7.67495680 341.14965820
-17.27387238 6.78485250 344.50070190
-16.29695320 7.10349894 341.10504150
-17.25242615 6.21910191 344.45532227
-16.34943390 6.28432131 341.28033447
-17.31346703 5.61909580 343.71829224
-16.32785606 5.71315861 341.23468018
-17.29198837 5.05207682 343.67285156
-17.27044868 4.48497152 343.62744141
-17.23952675 3.71216464 344.49105835
-22.38307762 2.60376668 353.01525879
-19.39059448 2.55800867 354.10287476
-17.42014122 40.29550552 346.30245972
-16.57567024 39.68499756 346.97467041
-15.06070709 39.69001389 345.87420654
-14.55498791 39.69167328 345.50891113
-15.63090038 38.54248428 345.29943848
-17.38690948 37.76092148 347.02761841
-15.29278183 37.81079483 345.60232544
-15.23789215 37.08757019 345.66281128
-14.95940208 36.49915314 345.85748291
-17.54779243 35.92406845 346.79840088
-16.03209305 35.92720795 345.69552612
-15.24394226 35.92279434 345.57073975
-17.55105972 35.34125519 346.75183105
-16.03542519 35.34418869 345.64907837
-14.96545315 35.33515930 345.76544189
-16.93229675 34.48024368 346.55145264
-16.03875351 34.76097870 345.60260010
-14.96808243 34.75310898 345.71972656
-16.93632889 33.89757156 346.50430298
-16.04205132 34.17776108 345.55606079
-16.04455566 33.59430695 345.51022339
-16.43809128 32.73239899 346.04406738
-15.36785698 32.72794724 346.15896606
-15.87627029 32.14541245 346.47717285
-15.37360287 31.56367874 346.06668091
-16.44774055 30.98265648 345.90426636
-15.37684345 30.98136139 346.02011108
-16.45088768 30.39914703 345.85757446
-15.66176891 30.39919090 345.73345947
-16.45400238 29.81554031 345.81094360
-15.66488457 29.81607819 345.68688965
-16.40577316 27.92738914 345.77853394
-15.61614037 27.92937469 345.65551758
-15.56183815 27.20962334 345.71682739
-15.56501484 26.62641907 345.67016602
-15.56806946 26.04321098 345.62344360
-15.57109261 25.45981216 345.57662964
-15.57347488 24.87626839 345.53054810
-15.57643700 24.29256630 345.48373413
-15.57942867 23.70886993 345.43688965
-15.52479362 22.99045372 345.49942017
-15.75903225 21.09650993 345.22744751
-15.76199341 20.51212120 345.18045044
-15.76492214 19.92762375 345.13351440
-16.84432411 19.32351303 344.96511841
-15.76782131 19.34303093 345.08648682
-16.84713173 18.73772621 344.91802979
-15.77068996 18.75844193 345.03945923
-16.85069847 18.15187645 344.87017822
-16.85350418 17.56589508 344.82296753
-16.85621643 16.97990990 344.77581787
-17.14476776 16.38049126 344.48608398
-16.64067841 14.44513702 344.87231445
-17.04216957 13.77024078 344.51779175
-17.04491425 13.18346119 344.47048950
-17.04832649 12.59662437 344.42242432
-17.84687042 11.99420357 344.49374390
-17.05094719 12.00964546 344.37509155
-17.85019302 11.40667152 344.44552612
-17.05365753 11.42257309 344.32769775
-16.09031105 10.36336422 340.14492798
-17.80225945 9.51414013 344.41329956
-17.00527000 9.53171158 344.29650879
-16.09237099 9.77137470 340.09820557
-17.74787140 8.79743004 344.47760010
-17.23704147 8.79513836 344.11837769
-16.55517387 9.05065155 340.52203369
-15.75030804 9.06933498 340.41439819
-17.75113106 8.20985508 344.42935181
-17.23969269 8.20748615 344.07086182
-17.75439072 7.62217808 344.38107300
-16.95691490 7.64135408 344.26528931
-16.21587753 7.75857210 340.78942871
-17.75694847 7.03437996 344.33355713
-17.24556923 7.03196192 343.97518921
-17.76017570 6.44652319 344.28524780
-17.24815750 6.44405508 343.92767334
-17.25068283 5.85605574 343.88012695
-16.33876419 5.75285053 341.47921753
-17.76589775 5.27052021 344.18936157
-17.71184921 4.55539131 344.25408936
-16.80118942 4.62578487 342.58575439
-17.65847206 3.84067202 344.31814575
-15.72196388 47.35345459 344.64938354
-15.14278221 45.56732178 345.14767456
-15.15939903 44.97928238 345.11718750
-15.17607498 44.39102173 345.08663940
-15.19275093 43.80278015 345.05612183
-15.20936680 43.21443176 345.02554321
-15.11032963 42.33405304 345.68722534
-15.10452938 42.48225021 345.03421021
-14.78444576 40.56741714 345.58197021
-14.80206871 39.97959518 345.55133057
-14.44075966 39.39071655 345.50720215
-16.93773842 38.88690567 347.37179565
-15.21334839 38.80403519 345.50344849
-14.99813557 37.62301254 346.04165649
-18.17461777 37.30039597 347.26742554
-15.78943253 36.44248962 346.00823975
-15.80613613 35.85285568 345.97726440
-16.83763313 35.24838257 347.20681763
-16.85537148 34.65737915 347.17568970
-16.15856934 33.98017120 347.14550781
-15.65083885 33.99147797 345.90649414
-15.10657310 33.81186295 345.33758545
-15.25361443 33.21883392 345.91970825
-15.27029037 32.62979889 345.88876343
-16.17455482 32.02412415 346.50097656
-15.66710281 32.03439331 345.87219238
-16.19226456 31.43371964 346.46990967
-15.68481159 31.44458199 345.84121704
-16.21000481 30.84320259 346.43884277
-15.32235813 30.86203003 345.79595947
-16.22771072 30.25259972 346.40777588
-15.34006882 30.27262115 345.76498413
-16.24542046 29.66199112 346.37667847
-15.35774994 29.68301201 345.73391724
-16.26313019 29.07118607 346.34552002
-15.25277042 28.95568848 345.74392700
-16.19362831 27.16114998 346.29318237
-15.18318367 27.05003357 345.69201660
-15.57903767 26.44881630 345.67541504
-15.59677887 25.85860443 345.64431763
-16.12513161 25.25172424 346.24099731
-15.61445713 25.26829529 345.61325073
-15.63119125 24.67796707 345.58209229
-15.64890003 24.08746147 345.55099487
-16.04486847 23.48224640 345.53414917
-16.06358337 22.89105988 345.50305176
-16.08034515 22.29973984 345.47183228
-15.96954155 20.34646606 345.43453979
-15.90473747 19.66576767 345.43179321
-16.31955910 18.46355629 345.38397217
-16.33631706 17.87153053 345.35272217
-16.73443794 17.25874519 345.33596802
-15.83729553 17.30382538 344.69531250
-16.75220299 16.66595078 345.30462646
-15.85402584 16.71230316 344.66412354
-16.76896286 16.07312965 345.27328491
-16.25217247 16.09864044 344.64678955
-16.78669739 15.48033142 345.24194336
-16.26889992 15.50641823 344.61550903
-17.20367050 14.27047062 345.19375610
-16.30241966 14.32157612 344.55294800
-17.22045708 13.67675304 345.16235352
-16.19634628 13.59763241 344.56558228
-17.63745308 12.46359634 345.11395264
-17.06305504 11.81679916 345.09246826
-16.12477303 11.68955994 344.51580811
-16.52299881 11.07039165 344.49850464
-14.91831112 10.55537510 340.78741455
-17.46000481 9.82456970 345.07669067
-16.55651283 9.88435936 344.43594360
-15.31455517 9.93555450 340.76690674
-17.47672844 9.23024178 345.04522705
-16.57330132 9.29123592 344.40460205
-17.49452209 8.63586426 345.01379395
-16.97265053 8.66873074 344.38732910
-17.89487076 8.01138401 344.99707031
-16.98937607 8.07489204 344.35592651
-16.27036285 8.09420586 341.30392456
-17.91269302 7.41627979 344.96557617
-17.00616264 7.48098230 344.32458496
-16.28614235 7.50044918 341.27301025
-17.54591560 6.85229826 344.91937256
-17.40553856 6.85589790 344.30712891
-16.46409225 6.30860090 341.82037354
-17.43913841 5.66659164 344.24432373
-17.24714851 5.64980888 341.81225586
-18.36552429 5.00219011 344.85412598
-17.33205986 4.94379520 344.25836182
-16.97555351 5.01216030 343.62304688
-17.22495270 4.22140741 344.27239990
-17.08252716 4.22508860 343.66146851
-16.79273796 4.23277903 342.44100952
-17.28748322 2.77675009 351.61450195
-16.74146652 2.63475680 351.04525757
-13.36213779 3.15746856 338.12469482
-11.28390789 3.40338492 332.67413330
-18.35886192 2.38550806 347.25561523
-15.12105846 47.33098221 344.86788940
-14.62382984 46.75026703 344.33758545
-15.15316010 46.17746353 344.84109497
-15.26583862 46.17029953 343.27499390
-15.16957664 45.60059738 344.82806396
-15.53886509 45.59539032 343.51873779
-15.18529224 45.02363205 344.81427002
-15.29715157 45.01866531 343.24758911
-14.94461536 44.44684982 344.54217529
-14.58627701 43.87361145 345.83685303
-14.96109295 43.87018967 344.52908325
-14.60281563 43.29646301 345.82366943
-14.91934872 43.29426575 345.29946899
-14.97687054 43.29352951 344.51525879
-14.73683834 42.71873856 344.24386597
-14.95175362 42.13964462 345.27236938
-15.26633453 42.13753510 344.74728394
-14.85391712 41.42311478 345.20693970
-15.16773510 41.42099762 344.68118286
-14.75537968 40.70697403 345.14077759
-14.47384453 39.55477524 345.63955688
-14.78845596 39.55255890 345.11447144
-15.10187626 39.55043030 344.58908081
-16.35567284 39.67481995 344.10485840
-14.49047470 38.97742844 345.62634277
-14.80493259 38.97519684 345.10134888
-15.11768246 38.97307205 344.57522583
-14.50774384 38.39997482 345.61380005
-14.52434158 37.82241821 345.60064697
-15.46152401 37.81610489 344.02197266
-15.73541260 37.23126602 344.26766968
-15.38428688 36.64938354 345.56790161
-15.69706821 36.64727783 345.04037476
-15.49374390 36.66087723 343.99505615
-15.40088272 36.07052612 345.55465698
-15.71357346 36.06851578 345.02725220
-15.50954914 36.08321381 343.98123169
-15.41747761 35.49157333 345.54147339
-15.73010635 35.48955536 345.01406860
-15.52596378 35.50545120 343.96817017
-15.43343258 34.91251755 345.52743530
-15.74600029 34.91050339 345.00015259
-15.54176807 34.92758942 343.95431519
-15.45005798 34.33346176 345.51425171
-15.76250458 34.33143997 344.98699951
-15.46662235 33.75420380 345.50100708
-15.77839661 33.75228500 344.97308350
-15.83160686 33.76100922 344.18606567
-15.94374466 33.14324188 346.80059814
-15.48330879 33.17494965 345.48773193
-15.79502201 33.17302704 344.95983887
-15.73188305 33.04673767 344.12109375
-15.70223045 32.57399368 346.52505493
-15.71967697 31.99344063 346.51235962
-15.99394226 31.39978218 346.76055908
-15.41695595 31.30176735 345.39611816
-15.72766304 31.29982758 344.86782837
-15.31729317 30.58759308 345.33102417
-15.37093639 30.59933662 344.54357910
-15.29570866 29.41629791 346.09326172
-15.34981346 29.42917633 345.30392456
-15.56905556 28.82093048 346.34091187
-15.36646748 28.84992409 345.29061890
-15.38309288 28.27046967 345.27740479
-15.39965630 27.69101524 345.26416016
-15.41563988 27.11145973 345.25015259
-15.43226528 26.53190422 345.23693848
-15.72271824 25.35359383 345.47091675
-15.57516956 24.69161034 345.33621216
-15.54644012 22.86337471 345.26208496
-15.60463238 22.78829765 344.52536011
-15.82790565 22.16651344 345.56265259
-15.36372185 22.23062897 344.25198364
-15.63708782 21.62907982 344.49826050
-15.86114788 21.00480080 345.53616333
-15.65291882 21.04941940 344.48440552
-15.87709904 20.42394257 345.52221680
-15.41198158 20.49325371 344.21105957
-15.68528175 19.88980293 344.45736694
-15.90963936 19.26183319 345.49499512
-16.21681023 19.26045990 344.96456909
-15.92626190 18.68067551 345.48175049
-15.97517204 18.70469284 344.69052124
-15.99109268 18.12413406 344.67657471
-16.28103638 16.93582344 344.90963745
-16.55569839 16.32677078 345.15747070
-16.10868645 14.35402012 344.75503540
-16.15409660 14.38258171 343.96301270
-16.16980362 13.80221653 343.94924927
-16.45976830 12.60990715 344.18237305
-16.47547531 12.02874184 344.16860962
-16.49047852 11.44747353 344.15414429
-16.50627708 10.86631298 344.14031982
-16.42815971 10.74437237 340.87857056
-16.52131081 10.28499603 344.12588501
-16.53701591 9.70367050 344.11212158
-17.33100891 9.01783562 344.88314819
-16.82629967 8.50556850 344.34451294
-17.10191727 7.88749504 344.59280396
-17.13200951 6.72223139 344.56384277
-17.02763176 6.01476192 344.50061035
-17.06772423 6.05254793 343.70541382
-16.70444298 5.38459873 343.38195801
-16.99359512 4.18273878 343.61447144
-14.72480011 47.54299927 344.48599243
-14.73169994 46.98619843 344.14801025
-15.30150032 46.96989822 343.99798584
-15.86909962 46.95050049 343.17199707
-14.73820019 46.43149948 344.14801025
-15.30729961 46.41310120 343.32400513
-14.74440002 45.87739944 344.48498535
-15.31439972 45.86050034 343.99600220
-14.75090027 45.32199860 344.48498535
-15.32089996 45.30569839 343.99600220
-14.75749969 44.76660156 344.48400879
-15.32740021 44.75080109 343.99499512
-16.46500015 44.71839905 343.68899536
-14.24969959 44.40309906 346.02499390
-14.76399994 44.21110153 344.48400879
-14.77019978 43.65399933 344.82199097
-14.77719975 43.09980011 344.48300171
-16.48559952 43.05130005 344.02398682
-14.20919991 42.55020142 345.99200439
-14.78299999 42.53900146 345.16000366
-14.21580029 41.99229813 345.99200439
-14.78999996 41.98519897 344.82101440
-16.50219917 41.93059921 345.03900146
-14.22249985 41.43429947 345.99099731
-14.79669952 41.42879868 344.82101440
-16.45899963 41.25120163 343.91198730
-14.80230045 40.86410141 345.49899292
-16.41950035 40.56280136 343.80200195
-14.23709965 40.32260132 345.64999390
-14.81000042 40.31570053 344.81900024
-16.52160072 40.25820160 345.03601074
-14.24380016 39.76490021 345.64999390
-14.77980042 39.65110016 344.86700439
-16.43230057 39.45169830 343.79998779
-16.43770027 38.90190125 343.46099854
-15.87670040 38.36270142 343.61499023
-14.78960037 37.94340134 345.38699341
-15.36079979 37.94110107 344.55398560
-15.88350010 37.80039978 343.95199585
-14.75010014 37.25410080 345.27700806
-15.32110023 37.24549866 344.78399658
-15.89000034 37.24449921 343.95098877
-14.75669956 36.69649887 345.27700806
-15.32769966 36.68840027 344.78298950
-15.89690018 36.68040085 344.28900146
-14.76340008 36.13880157 345.27600098
-15.33419991 36.13130188 344.78298950
-15.90340042 36.12379837 344.28799438
-15.34080029 35.57400131 344.78201294
-15.90999985 35.56719971 344.28698730
-15.34739971 35.01670074 344.78100586
-15.91650009 35.01039886 344.28601074
-15.35369968 34.44919968 345.12100220
-15.36030006 33.89130020 345.11999512
-15.92959976 33.89670181 344.28399658
-15.36649990 33.32210159 345.45999146
-15.88910007 33.21009827 344.17401123
-15.37279987 32.75170135 345.79998779
-15.37979984 32.20470047 345.45800781
-15.38640022 31.64590073 345.45700073
-15.89309978 31.47940063 344.58700562
-15.86800003 30.85370064 344.06100464
-15.39929962 30.51429939 345.79699707
-15.34280014 29.79299927 345.42300415
-15.88099957 29.72540092 344.39898682
-15.31859970 29.16850090 344.89498901
-15.88739967 29.15290070 344.73699951
-15.33100033 28.03599930 345.23400879
-15.33759975 27.47719955 345.23300171
-15.90699959 27.47839928 344.73400879
-15.34350014 26.90119934 345.57299805
-15.91349983 26.92009926 344.73300171
-15.97249985 21.89259911 344.72100830
-15.88109970 21.06119919 344.84399414
-16.26569939 10.54590034 340.96600342
-17.02759933 10.72150040 344.26599121
-16.27799988 9.43822956 340.96099854
-17.03989983 9.60280991 344.26098633
-15.72490025 8.89783001 341.12500000
-17.01210022 8.97484970 344.07299805
-16.96229935 7.12643003 344.03500366
-16.96839905 6.56732988 344.03298950
-16.97439957 6.08174992 343.35000610
-16.98049927 5.48640013 343.68701172
-16.98649979 4.96552992 343.34399414
-16.91559982 4.24991989 343.01199341
-14.23340034 3.15700006 332.57000732
