-25.19320107 37.26452637 348.25875854
-24.47535515 36.75174332 348.19012451
-24.69882202 36.22008896 347.98028564
-24.46925163 35.68312836 348.19985962
-23.97810745 35.17171860 347.91516113
-23.02989960 34.65220261 348.06005859
-24.20203209 34.64125824 347.70590210
-23.48299789 34.12559128 347.63598633
-23.25131989 33.58594513 347.85620117
-22.98916817 33.07904816 347.35507202
-23.68105698 32.89226913 347.37036133
-23.06488228 32.29333496 347.16070557
-22.30138016 31.36519241 347.19473267
-22.07987976 30.73537064 346.59375000
-21.53705406 30.43405151 347.22787476
-21.58507156 29.68863678 346.31332397
-21.58150101 29.15363312 346.31924438
-21.09072304 28.64151001 346.03201294
-20.09601021 28.07673645 342.39105225
-20.09216499 27.54554749 342.39794922
-19.38216782 27.05999947 343.84194946
-20.08383369 26.48288918 342.41250610
-19.41820908 26.40381813 343.74972534
-19.18302345 25.85831833 343.96640015
-19.69540215 25.15333557 342.64550781
-19.41809845 24.19663048 342.96563721
-19.14045715 23.23723412 343.28680420
-18.18028450 21.62767601 343.42993164
-17.56322479 21.02512169 343.21221924
-18.38347054 20.94365311 343.16586304
-17.76678085 20.34130096 342.94839478
-18.48209000 20.33493233 343.03823853
-17.76226234 19.80662727 342.95614624
-18.47830391 19.80082893 343.04519653
-17.75783539 19.27185249 342.96389771
-18.47378731 19.26656914 343.05291748
-17.75331688 18.73707581 342.97161865
-18.46997261 18.73226929 343.05993652
-18.23392868 18.17938995 343.27584839
-17.27888107 17.62914085 343.40408325
-18.46166801 17.66350937 343.07470703
-18.22559547 17.10952568 343.29058838
-18.22187042 16.57443619 343.29769897
-18.21738243 16.03936005 343.30545044
-18.21368790 15.50427723 343.31246948
-17.25809097 14.94874382 343.44168091
-18.10617447 14.79807758 343.32586670
-17.25363350 14.41246891 343.44946289
-17.24991035 13.87608147 343.45657349
-17.65309143 13.19885445 343.00195313
-17.55199242 12.59332657 343.06347656
-17.31448364 12.03366089 343.27951050
-17.75138092 11.62389946 342.93606567
-17.54008865 10.98627281 343.08547974
-16.81607437 10.44755173 343.00640869
-17.76938438 10.47596741 342.88430786
-16.81167984 9.91117477 343.01428223
-17.76568985 9.94057751 342.89144897
-16.80719185 9.37469673 343.02206421
-17.99428558 9.43158531 342.69094849
-16.92784691 8.75699329 342.86572266
-17.96320343 8.73447990 342.63485718
-17.34373283 8.12704182 342.42050171
-17.82904625 8.10477448 342.71438599
-16.38211823 7.02201223 342.55606079
-17.33558083 7.05656481 342.43545532
-16.61172104 6.51457834 342.35659790
-17.33188820 6.52123880 342.44262695
-17.81784248 6.49914551 342.73559570
-16.60814857 5.97866726 342.36383057
-17.32819366 5.98588133 342.44973755
-16.60372162 5.44272804 342.37176514
-17.32382774 5.45048428 342.45761108
-16.60008812 4.90673113 342.37893677
-17.32019424 4.91503668 342.46469116
-16.59645653 4.37068796 342.38613892
-17.35410118 4.26651001 342.37164307
-16.89726067 3.10511971 341.99429321
-22.48156548 38.17895126 343.85473633
-21.86796379 37.66778564 343.79788208
-24.66156197 37.16154099 348.28054810
-21.84538460 37.14668655 343.79702759
-24.34641647 36.64685059 348.25543213
-21.82280540 36.62548447 343.79632568
-21.50463867 36.10736084 343.76751709
-24.49104500 35.63582611 347.73089600
-21.48202705 35.58553696 343.76690674
-24.17589760 35.11955643 347.70526123
-21.45941544 35.06354904 343.76629639
-23.56602097 34.60408020 347.65481567
-23.54444885 34.08404541 347.65396118
-21.09492683 33.49814224 343.73629761
-21.51839447 33.30550766 344.25979614
-23.09881783 33.07376862 347.07846069
-23.07718277 32.55303192 347.07778931
-22.46318245 32.03150558 347.02584839
-20.52358437 31.80712128 343.64138794
-21.01700020 31.65645981 344.18679810
-21.84710884 31.50793648 346.97363281
-20.78368759 31.28402138 341.44961548
-20.99435806 31.13334656 344.18637085
-20.76009941 30.76134300 341.44934082
-20.97165489 30.61003494 344.18585205
-20.15574074 30.23370361 343.61138916
-20.65126038 30.08467484 344.15704346
-20.21821022 29.68098640 341.94168091
-20.52471161 29.59080124 343.60327148
-20.62862015 29.56076622 344.15658569
-20.19456100 29.15711975 341.94137573
-20.84938812 29.15819740 346.44161987
-19.87208939 28.62993240 341.91073608
-19.61907005 28.61411858 343.54953003
-18.45548630 28.24625206 339.03509521
-19.54873466 28.10169601 341.87985229
-19.55739021 28.00724411 343.51489258
-17.33021355 27.85326767 340.65100098
-19.62880898 27.54626083 342.43469238
-19.53468704 27.48163223 343.51458740
-19.60503769 27.02108765 342.43453979
-19.51192284 26.95591545 343.51428223
-19.28155899 26.49074364 342.40417480
-19.48915863 26.43001556 343.51403809
-19.46642494 25.90410423 343.51388550
-17.32057571 25.43351173 341.66241455
-19.44363022 25.37808800 343.51367188
-17.09462357 24.86765862 342.18966675
-19.12002945 24.84553528 343.48419189
-19.17851639 24.11183548 342.85385132
-19.09726524 24.31882095 343.48406982
-19.20300102 24.28849983 344.03894043
-19.30990028 24.25814438 344.59356689
-17.35176086 23.81619072 342.22027588
-19.18026733 23.76168823 344.03884888
-17.02404022 23.27918243 342.18936157
-18.34215736 23.28003311 342.86877441
-19.15744209 23.23487854 344.03875732
-16.69531059 22.74121475 342.15835571
-18.41242981 22.63382721 342.83090210
-18.92587090 22.58107185 343.97131348
-16.97524452 22.21985435 342.18923950
-18.58740044 21.95731926 343.34863281
-18.69420624 21.92665863 343.90386963
-17.25722313 21.69922829 342.22024536
-17.39729118 21.09447670 342.20538330
-18.10894394 21.08323288 342.82342529
-18.54178047 20.90189552 343.34835815
-18.10917473 20.39458656 342.76245117
-18.51892471 20.37408447 343.34841919
-18.08634949 19.86616898 342.76257324
-18.49612808 19.84617233 343.34841919
-18.06361580 19.33776093 342.76263428
-18.47229576 19.31818771 343.34841919
-18.03969193 18.80916977 342.76269531
-18.44947052 18.79017067 343.34851074
-18.01683426 18.28055954 342.76287842
-18.42661476 18.26195526 343.34857178
-17.38595581 17.72659492 342.70184326
-18.40372849 17.73363876 343.34869385
-17.66717339 17.21000099 342.73266602
-18.38090134 17.20532608 343.34887695
-18.14813995 16.54716301 343.28005981
-18.07957077 14.96053028 343.28045654
-17.54273415 14.28505611 343.18090820
-17.08309174 13.23986721 342.59451294
-18.01197815 13.37314510 343.28131104
-17.06011200 12.70935154 342.59478760
-17.47303391 12.69523811 343.18161011
-17.45011711 12.16511726 343.18191528
-17.01323891 11.64814663 342.59552002
-17.42723083 11.63489914 343.18225098
-16.99035072 11.11742783 342.59585571
-17.40431213 11.10467911 343.18255615
-16.96639633 10.58664227 342.59625244
-17.38142586 10.57437038 343.18280029
-17.03032684 9.49363804 343.15304565
-16.99187088 8.88049126 342.55770874
-17.10163689 8.84927750 343.11340332
-17.06226540 8.23649883 342.51821899
-16.68623161 7.76463938 344.76116943
-16.60036278 7.18440247 341.93151855
-17.01533127 7.17483711 342.51916504
-16.93953896 7.36911249 343.15481567
-16.35697937 7.21053886 344.73193359
-16.57741356 6.65296841 341.93215942
-16.99244499 6.64388657 342.51962280
-16.83095551 6.47445583 344.67980957
-16.55342865 6.12150002 341.93264771
-16.96949577 6.11285257 342.52017212
-16.69418526 5.97359753 344.12466431
-16.53047943 5.58991766 341.93331909
-16.94654846 5.58176517 342.52075195
-16.97759819 5.46496439 344.15509033
-16.50753212 5.05827475 341.93399048
-16.92362976 5.05060434 342.52130127
-16.64926529 4.90953064 344.12530518
-16.57786560 4.41510868 341.89422607
-16.90062141 4.51937151 342.52191162
-16.51252174 4.40852451 343.57034302
-16.64829063 3.77224088 341.85424805
-17.06542587 3.76549602 342.44140625
-22.85810661 38.22846985 344.23510742
-22.60851097 37.17196274 343.93890381
-22.22782707 36.61179733 344.37289429
-24.30879784 35.98762131 347.70330811
-22.00727654 36.08646393 344.10034180
-24.27966118 35.45955276 347.67996216
-22.16768646 35.54396820 344.32458496
-21.94701576 35.01751709 344.05209351
-21.55729103 34.21202469 344.32888794
-23.25701141 33.33707809 347.31442261
-21.46685410 32.60677338 344.25637817
-21.43661690 32.07145691 344.23229980
-20.54926682 31.33557892 341.41537476
-20.42110062 30.44813538 343.87310791
-20.68059731 30.25346375 341.61950684
-20.58370781 29.90749168 344.09942627
-21.56941223 29.61344147 346.13830566
-20.55319595 29.37057686 344.07546997
-20.32971573 28.83588409 343.80096436
-19.84745979 28.61236000 341.50198364
-17.74053764 28.85201073 339.83285522
-20.10611343 28.30008888 343.52655029
-17.90662193 28.30532074 340.06509399
-20.07553864 27.76187706 343.50253296
-19.61927223 27.25587654 342.00692749
-20.04490471 27.22355080 343.47854614
-19.58799553 26.71551895 341.98208618
-19.62699127 26.68599701 342.95178223
-19.75973701 26.53355217 343.96310425
-19.55717850 26.17510414 341.95825195
-19.86233711 25.84410667 344.94732666
-19.72018242 25.63504410 342.18698120
-19.83249474 25.30664063 344.92407227
-19.23905563 24.94251633 342.41934204
-19.43999100 24.87560844 343.57110596
-19.60816002 24.76785278 344.65008545
-19.34180641 24.25355148 343.40896606
-19.38391685 24.22795296 344.37597656
-19.35377121 23.68908691 344.35293579
-19.08573914 23.17154694 343.10900879
-18.93445206 23.14502525 343.82702637
-18.85981560 22.62811089 342.83209229
-18.90366364 22.60510826 343.80307007
-18.82951736 22.08714485 342.80902100
-18.87275505 22.06498909 343.77926636
-18.60280037 21.54206085 342.53134155
-18.37608337 20.99597359 342.25366211
-18.61607552 20.97998238 343.47973633
-18.58516502 20.43906975 343.45593262
-18.33177185 18.66227722 343.08358765
-18.45425797 18.02712440 343.19592285
-18.42322540 17.48559761 343.17218018
-18.39207077 16.94397926 343.14852905
-18.16553688 16.39374733 342.87176514
-18.13435173 15.85143757 342.84808350
-17.98672867 15.83036423 343.56985474
-18.10307693 15.30902195 342.82440186
-18.07186127 14.76640224 342.80075073
-17.84514427 14.21337318 342.52389526
-17.98891068 14.08543205 343.54299927
-17.85704231 13.41377258 343.30975342
-17.79451942 12.32873631 343.26251221
-17.56685448 11.77345657 342.98504639
-17.33915901 11.21718311 342.70761108
-17.45462227 10.69044685 341.95989990
-17.30782318 10.67326260 342.68399048
-17.42255402 10.14608383 341.93560791
-17.27642441 10.12934494 342.66040039
-17.24496460 9.58522606 342.63687134
-16.94724464 8.21809292 344.84976196
-17.21397972 7.79196644 342.53994751
-16.53276062 7.73005104 343.48211670
-16.91663933 7.67545366 344.82687378
-17.31279182 7.17564678 342.63052368
-17.02691460 7.14687967 344.07995605
-17.28130150 6.63148928 342.60702515
-16.99612617 6.60360146 344.05722046
-17.24975204 6.08723831 342.58361816
-16.56981277 6.02504921 343.52590942
-17.21816826 5.54289913 342.56021118
-16.53905678 5.48061132 343.50317383
-17.18655777 4.99847174 342.53677368
-16.50756645 4.93613625 343.47961426
-16.90457535 4.42827368 341.27496338
-16.95788383 4.43494177 342.25833130
-16.87277794 3.88221645 341.25158691
-16.82577133 3.75558567 342.02203369
-22.09316254 35.69431305 343.61611938
-23.98645401 34.24312973 347.54199219
-21.48266220 33.15789413 343.71337891
-22.82774925 32.55900574 346.86563110
-21.40373993 32.02267075 343.96203613
-21.34239006 31.45225334 344.25833130
-21.72836685 30.60354805 346.40106201
-21.36783218 30.89530754 343.86627197
-21.09469223 29.46887398 346.38156128
-17.40595245 9.17974663 344.08523560
-17.51762581 8.79104900 342.08328247
-17.37580490 8.26530838 343.08099365
-17.39599228 6.42331171 342.70184326
-17.41401863 5.73232603 342.76483154
-17.32416153 5.12318993 343.60140991
-17.41663551 4.57814455 342.32247925
-23.23661423 38.27765656 344.14758301
-22.44489479 37.67804337 343.96365356
-22.16124153 37.07934189 344.15893555
-24.41271782 36.17944336 347.95205688
-21.87679482 36.48168564 344.35491943
-23.92666245 35.00486374 347.47085571
-22.18834686 34.71740341 343.96255493
-21.78435898 33.83985138 344.37619019
-20.98628998 33.83424759 344.24554443
-23.09639359 33.09791183 347.28912354
-20.99273300 33.24488831 344.19692993
-22.83076859 32.37415314 346.72875977
-20.99981499 32.65537262 344.14749146
-22.83840179 31.78659248 346.67864990
-20.42799187 32.05964661 344.58663940
-21.99191856 31.05676842 346.60211182
-20.82581902 31.30738831 344.27905273
-20.61121178 30.60563278 344.46389771
-17.92112541 28.23474693 340.94747925
-17.70364571 25.60876846 342.69873047
-17.71561241 24.43031120 342.60192871
-17.78621483 9.30061626 344.39031982
-16.83007240 8.07304478 342.73495483
-17.92338943 7.44690895 342.55389404
-16.83541679 7.48410845 342.68661499
-17.92861176 6.85674667 342.50543213
-17.12733841 6.87383890 342.39309692
-17.93453217 6.26654243 342.45623779
-17.13261795 6.28415775 342.34463501
-17.93972206 5.67621565 342.40768433
-17.13790131 5.69439745 342.29623413
-17.94494247 5.08579922 342.35916138
-17.14315224 5.10454798 342.24771118
-16.74927139 4.28300953 342.67254639
-21.93529320 36.56785583 344.71163940
-21.80457306 36.57294083 344.08782959
-21.95527840 35.96837234 344.67941284
-21.58424568 35.37061691 344.63424683
-23.67124939 35.02572632 347.69085693
-21.21312141 34.77396393 344.58908081
-21.23313713 34.17528915 344.55682373
-21.12702179 33.43416214 344.56600952
-20.63181114 32.69793320 344.56231689
-20.65173531 32.10014343 344.53015137
-20.28256607 31.50793839 344.48504639
-20.91292763 31.50971222 342.03781128
-20.30248833 30.91055298 344.45281982
-21.32310867 30.90414810 342.01626587
-20.32247543 30.31306267 344.42053223
-20.13007736 28.24019814 344.40792847
-19.72369194 28.25374794 342.55075073
-19.76276970 27.65235138 344.36267090
-18.68951607 27.68454361 341.26336670
-19.78165627 27.05543709 344.33047485
-18.07469940 27.10382843 341.82720947
-19.78050613 26.46129227 342.45455933
-17.84525871 26.23121262 341.88162231
-19.82156754 25.86146164 344.26589966
-17.23437881 25.65501595 342.44253540
-19.32803535 25.13803673 344.26336670
-19.19224930 25.14246178 343.64569092
-18.02181244 25.03722572 342.43273926
-19.61009979 24.39105606 344.28695679
-19.08701897 24.40810776 343.65646362
-17.65639687 24.45493126 342.38980103
-19.63002396 23.79426956 344.25476074
-19.10691261 23.81191635 343.62429810
-17.67427826 23.86038971 342.35784912
-19.26265526 23.21122932 344.20938110
-19.12580109 23.21560478 343.59216309
-19.28151321 22.61481476 344.17712402
-18.75940895 22.63365364 343.54763794
-18.23519707 22.65247536 342.91986084
-18.09638786 22.65682220 342.30487061
-18.65411758 21.90117836 343.55895996
-18.25414658 22.05715942 342.88778687
-18.11432838 22.06157684 342.27288818
-17.25677299 21.22096825 342.91925049
-18.20217705 19.99496651 343.49365234
-18.22204208 19.39987373 343.46154785
-18.24089813 18.80465698 343.42941284
-17.89327431 17.63339615 343.35269165
-17.91215897 17.03858376 343.32049561
-18.10574532 14.96479702 343.32504272
-18.12570190 14.36960602 343.29293823
-17.75897598 13.79746532 343.24816895
-17.77786255 13.20265102 343.21606445
-17.79678154 12.60773754 343.18389893
-17.86062813 11.91660595 343.18597412
-17.62461662 9.96544075 343.14541626
-17.09717178 9.99653339 342.52154541
-17.64249611 9.37068272 343.11322021
-17.11599922 9.40242290 342.48956299
-18.08587265 8.76378441 344.91882324
-17.66138458 8.77587795 343.08111572
-17.13387871 8.80823040 342.45755005
-17.72106934 8.19750881 344.87200928
-17.68024254 8.18101311 343.04901123
-17.15172958 8.21397686 342.42550659
-17.60011101 7.60711288 344.22738647
-17.69915962 7.58608675 343.01687622
-17.17061806 7.61969090 342.39346313
-17.33332062 7.02100134 342.97222900
-17.18852806 7.02530670 342.36148071
-17.35120010 6.42652464 342.94009399
-17.20637894 6.43087482 342.32943726
-17.22425842 5.83638382 342.29736328
-18.17690849 5.04097366 343.55871582
-17.11964035 5.11309385 342.31134033
-17.09624863 5.24637365 341.65533447
-17.01419830 4.39018822 342.32540894
-16.86730003 4.39460468 341.71594238
-21.82212257 38.22492981 344.24917603
-22.13065147 38.22372437 343.71295166
-22.74875450 36.69804001 348.32635498
-23.70255852 34.91296387 347.47521973
-23.71964073 34.32093430 347.46124268
-23.73672485 33.72890854 347.44729614
-20.88687134 32.69288254 344.02648926
-20.90297890 32.10754013 344.01208496
-20.91905785 31.52210426 343.99761963
-20.62904739 30.93761635 344.51989746
-21.79302979 30.42192459 346.41793823
-20.25806427 30.13134575 341.75195313
-21.42091179 29.71024704 346.08499146
-20.13059235 29.79479218 343.96652222
-18.45809746 29.36417961 340.09054565
-18.75637245 29.36339188 339.55874634
-20.02763939 29.07424545 343.90042114
-18.17507744 28.78620529 340.60858154
-18.47381020 28.78533173 340.07641602
-19.66083145 28.36978531 343.57351685
-17.89041138 28.20801353 341.12548828
-18.19021225 28.20715523 340.59368896
-18.06323242 28.13772964 339.68832397
-19.94140816 27.77005959 343.82077026
-18.16701889 27.61277962 341.36819458
-19.65182304 27.18650818 344.34118652
-18.44429970 27.01624870 341.61169434
-20.03474617 27.21769142 342.21414185
-19.14110565 26.63667870 343.80398560
-17.73260880 26.37072182 341.75247192
-19.37883759 26.01841927 344.84808350
-19.15724564 26.05334282 343.78952026
-18.17457962 25.85617828 342.11529541
-19.76490402 26.05207062 342.72070313
-19.39577103 25.43388748 344.83422852
-18.19127083 25.27564049 342.10162354
-19.41197205 24.84925652 344.81964111
-18.73051071 24.65689278 342.60513306
-19.04589653 24.15061951 344.49194336
-18.96906853 24.03620338 343.64550781
-19.27186012 24.03555298 343.11074829
-18.68055534 23.45379448 344.16494751
-18.69742584 22.87066460 344.15112305
-17.19825172 22.73072815 341.96066284
-18.71426773 22.28743172 344.13735962
-17.21423912 22.15148544 341.94635010
-18.02731133 20.92472076 342.69400024
-18.03477859 19.15696526 343.44396973
-17.81425476 19.20552444 342.39138794
-17.79093933 18.59997177 343.17034912
-17.80698586 18.01853371 343.15591431
-18.08371544 17.41085434 343.40139771
-17.83981514 16.85545921 343.12780762
-17.85580063 16.27392006 343.11340332
-18.14870071 15.08210278 343.34445190
-17.78528214 14.40006447 343.02105713
-17.68254280 13.69008446 342.95755005
-17.19477654 12.58900261 342.41024780
-17.17200851 11.97697067 343.18865967
-17.21070290 12.00865841 342.39593506
-17.18802452 11.39602947 343.17431641
-17.22668839 11.42821980 342.38159180
-17.20410347 10.81489086 343.15988159
-17.50253105 10.81532764 342.62658691
-17.22012138 10.23381042 343.14550781
-17.25854111 10.26736259 342.35299683
-17.19713783 9.61848640 343.92556763
-17.23610687 9.65265083 343.13113403
-17.15537643 9.56055927 342.28994751
-17.05285263 8.85416698 342.22763062
-17.44926453 8.38443756 344.95422363
-17.48985100 8.41983891 344.15820313
-17.38671684 7.71161604 344.09509277
-17.04655838 7.65767813 342.99127197
-17.08458138 7.69387579 342.19915771
-17.06251526 7.07682562 342.97695923
-17.09974670 7.11366749 342.18423462
-17.11567307 6.53342295 342.16995239
-17.56909180 5.89787388 344.21063232
-17.13080406 5.95314455 342.15502930
-17.11032295 5.33402586 342.93408203
-16.88748550 5.41061449 341.88220215
-17.64562225 4.67594194 343.44027710
-17.04271126 4.66839838 342.07846069
-23.57349968 35.18989944 347.76699829
-24.13489914 35.18410110 347.24700928
-23.57139969 34.63499832 347.41400146
-23.47570038 33.80519867 347.18499756
-22.34670067 31.60460091 346.81799316
-21.78339958 31.05629921 346.98400879
-18.49220085 29.29899979 339.47399902
-17.93969917 28.76359940 339.63500977
-18.49819946 28.74839973 339.47198486
-19.84939957 29.06030083 343.26199341
-17.94770050 28.19700050 339.96499634
-19.85540009 28.50309944 343.25900269
-19.86890030 27.91320038 343.93701172
-18.06200027 27.29660034 341.17401123
-19.31270027 26.82880020 343.75698853
-18.07850075 26.15399933 341.83999634
-19.77309990 26.05540085 342.35501099
-18.08860016 25.56259918 342.51098633
-19.78260040 25.48080063 342.69000244
-19.78849983 24.92429924 342.68701172
-19.23180008 24.38240051 342.85101318
-19.78730011 24.40679932 342.00900269
-18.67460060 23.84040070 343.01501465
-19.23480034 23.84569931 342.51098633
-18.12129974 22.76239967 342.83801270
-18.10370064 22.13260078 342.95199585
-18.63850021 22.08790016 342.22399902
-18.04680061 20.28730011 342.61300659
-18.05450058 19.70709991 342.94900513
-17.50340080 18.60779953 343.10998535
-18.06660080 18.59329987 342.94400024
-18.07270050 18.03639984 342.94198608
-18.07719994 17.50530052 342.60198975
-18.08320045 16.94879913 342.59899902
-18.08930016 16.39220047 342.59698486
-17.53409958 15.82209969 343.09899902
-18.09530067 15.83559990 342.59399414
-17.54030037 15.26480007 343.09698486
-18.10140038 15.27890015 342.59201050
-17.54640007 14.70750046 343.09500122
-18.10740089 14.72220039 342.58898926
-17.55249977 14.15009975 343.09201050
-18.11190033 14.19460011 342.24798584
-17.49410057 12.34239960 342.41799927
-17.47380066 11.77250004 341.85501099
-17.47979927 11.21700001 341.85299683
-16.95960045 10.65810013 343.10299683
-17.48579979 10.66139984 341.85000610
-16.93180084 10.05340004 342.69000244
-17.49189949 10.10579967 341.84698486
-16.93790054 9.49664021 342.68798828
-17.49790001 9.55008984 341.84399414
-16.95009995 8.38292027 342.68301392
-16.92230034 7.75846004 342.49600220
-16.86070061 7.10293007 341.79000854
-16.87260056 5.99189997 341.78399658
-16.87870026 5.47340012 341.44500732
-16.88459969 4.91834021 341.44299316
-16.78840065 4.12913990 341.22698975
