-15.43550110 43.04441071 344.45944214
-16.52976990 43.07247925 345.00100708
-16.40263367 41.89579010 345.82064819
-15.89332581 41.40735245 344.78564453
-15.88441467 40.87071228 344.79168701
-17.09980774 20.54935265 343.86813354
-18.02464294 20.38792419 343.68197632
-16.62397766 19.98101997 344.29534912
-17.33726501 19.43270111 344.38739014
-15.82557678 19.09524536 345.14337158
-17.09529114 18.87870979 344.60437012
-15.89622498 18.31617546 344.94598389
-16.85316467 18.32371330 344.82141113
-16.84602356 17.78563690 344.82629395
-16.83808899 17.24737358 344.83184814
-16.83012390 16.70911407 344.83734131
-16.58808899 16.15142632 345.05435181
-16.58012390 15.61255932 345.05993652
-16.33729553 15.05318356 345.27761841
-16.32929993 14.51371670 345.28320313
-16.59538269 13.87762547 344.97412109
-16.62663269 13.22111225 344.87728882
-16.61079407 12.14358044 344.88842773
-16.83793640 11.62812996 344.68203735
-16.59553528 11.06574345 344.89883423
-17.78858948 11.11087990 344.55712891
-16.35307312 10.50235558 345.11563110
-17.31248474 10.52455044 344.98590088
-16.34516907 9.96279430 345.12121582
-17.30525208 9.98607063 344.99075317
-16.33790588 9.42321110 345.12603760
-17.53273010 9.47291470 344.78320313
-16.33000183 8.88364887 345.13162231
-16.32267761 8.34393406 345.13650513
-16.35331726 7.68875504 345.03894043
-17.48185730 7.69577312 344.73342896
-16.38313293 7.03392696 344.94201660
-17.57746887 7.09000683 344.59994507
-16.60408020 5.98352146 344.74002075
-17.56358337 6.01414490 344.60888672
-16.59611511 5.44449902 344.74557495
-17.55638123 5.47615623 344.61361694
-16.58891296 4.90541935 344.75036621
-17.54908752 4.93811893 344.61843872
-16.34532166 4.33627605 344.96762085
-17.30741882 4.37011433 344.83462524
-16.33885193 3.79667115 344.97177124
-17.30009460 3.83150554 344.83944702
-16.33161926 3.25697351 344.97665405
-17.16099548 3.19654250 344.91702271
-17.99461365 2.42075562 342.39761353
-16.37257385 2.56613517 344.84594727
-16.93565369 1.78988147 344.15322876
-15.25367737 2.10121512 351.57623291
-17.82484436 1.52542329 333.48345947
-20.28312683 1.29907680 350.37326050
-12.43080139 1.08766079 334.78253174
-15.33094788 43.20954132 344.09109497
-15.74006653 43.16604996 344.68215942
-15.30323792 42.67806244 344.08843994
-15.80818176 42.50637436 344.64318848
-15.81431580 42.60348511 345.24276733
-15.91725159 42.57202148 345.80587769
-16.02012634 42.54051590 346.36862183
-15.87632847 41.84710312 344.60421753
-15.97724915 41.81544113 345.16717529
-16.69584656 41.76207352 345.78179932
-15.34773254 40.88399506 344.58697510
-15.83024597 40.88143158 345.19830322
-16.95021057 40.69186401 345.80224609
-15.48707581 40.26358414 344.56900024
-16.20582581 40.21278381 345.18557739
-16.92369080 40.16204834 345.79953003
-15.76887512 39.72285080 344.59356689
-16.17927551 39.68195343 345.18298340
-16.59059143 39.64115524 345.77105713
-16.15263367 39.15104675 345.18041992
-16.56394958 39.11062622 345.76846313
-16.12599182 38.62002563 345.17782593
-16.53843689 38.58005905 345.76593018
-16.19422913 37.96225739 345.13824463
-16.60658264 37.92270279 345.72616577
-16.26237488 37.30469894 345.09854126
-16.67384338 37.26568222 345.68640137
-16.23585510 36.77376556 345.09606934
-16.51679993 36.23666763 345.12042236
-16.62165833 36.20459747 345.68139648
-17.20823669 35.66282272 345.73129272
-17.18263245 35.13284683 345.72882080
-16.54179382 34.61214066 345.67388916
-16.20756531 34.08527374 345.64498901
-17.23744202 34.04064560 346.28369141
-16.27684021 33.42878342 345.60479736
-16.99812317 33.38925552 346.21755981
-17.37208557 32.73112488 346.20303345
-17.03977966 32.20356369 346.17477417
-17.01322937 31.67304420 346.17218018
-16.67988586 31.14394569 346.14379883
-16.96202087 30.61161613 346.16769409
-16.93635559 30.08064651 346.16534424
-16.60191345 29.54998589 346.13699341
-16.67030334 28.89534569 346.09597778
-16.68534851 28.98581886 346.69430542
-16.41813660 27.25875664 346.05859375
-16.65977478 26.64689064 346.04803467
-16.63313293 26.11526680 346.04580688
-16.60752869 25.58359146 346.04373169
-16.88880920 25.05548286 346.06817627
-16.95722961 24.40295410 346.02670288
-17.02571106 23.75072861 345.98513794
-17.30610657 23.22484970 346.00979614
-17.28047180 22.69398308 346.00772095
-17.25379944 22.16304588 346.00570679
-17.17955017 22.37061882 346.64227295
-16.92121887 21.62542534 345.97692871
-17.67027283 20.97592545 344.30648804
-17.20259094 21.10100746 346.00170898
-17.22969055 20.47184563 343.71899414
-16.86885071 20.56222725 345.97290039
-16.89695740 19.93335533 343.68835449
-17.00587463 19.89998817 344.24615479
-16.77052307 19.88237190 345.90664673
-16.67216492 19.36053085 344.21575928
-17.00288391 19.26039886 345.88854980
-16.95265198 18.83801651 344.24258423
-17.89768982 18.75651550 345.96777344
-16.61885071 18.29746628 344.21215820
-17.25880432 18.20700645 345.91192627
-16.59220886 17.76582527 344.21044922
-16.50685120 17.68891335 345.29821777
-17.23313904 17.67582703 345.91000366
-16.56556702 17.23408508 344.20870972
-16.48017883 17.15677643 345.29638672
-16.90028381 17.13390350 345.88110352
-16.23167419 16.69133759 344.17840576
-16.45353699 16.62444115 345.29452515
-16.87464905 16.60213280 345.87924194
-16.20497131 16.15889931 344.17669678
-16.42781067 16.09206581 345.29275513
-17.15626526 16.08170891 345.90457153
-16.17829895 15.62645626 344.17510986
-16.38346863 15.47556782 344.69268799
-16.49540710 15.44209194 345.25027466
-17.45872498 15.40176487 345.86669922
-15.53413391 15.06921673 344.11575317
-16.45103455 14.82599163 344.65042114
-17.29145813 14.78415203 345.81958008
-16.28678894 13.79505157 344.08941650
-16.39866638 13.76147842 344.64700317
-16.81788635 13.74143982 345.23214722
-17.23912048 13.72144699 345.81594849
-16.37196350 13.22904110 344.64529419
-16.79228210 13.20946217 345.23040771
-16.03694153 12.68212700 344.61502075
-16.76557922 12.67743015 345.22860718
-16.01026917 12.14908886 344.61337280
-16.73988342 12.14535236 345.22702026
-15.98353577 11.61605072 344.61175537
-16.71424866 11.61317730 345.22531128
-15.95783997 11.08277321 344.61013794
-16.98442078 10.95182133 345.19107056
-17.91038513 10.86424065 345.77972412
-17.15596008 10.33430099 345.16757202
-15.90065002 9.32359409 344.54077148
-17.41105652 9.28850937 345.19250488
-17.83360291 9.27240944 345.77465820
-16.04063416 8.71952343 344.52111816
-17.38551331 8.75722885 345.19094849
-17.80790710 8.74163055 345.77297974
-16.62983704 8.22297287 344.57723999
-17.35884094 8.22597885 345.18930054
-17.78230286 8.21082973 345.77142334
-16.60420227 7.69063473 344.57571411
-17.33323669 7.69460392 345.18774414
-16.57756042 7.15826893 344.57415771
-17.30754089 7.16315365 345.18624878
-17.73106384 7.14899921 345.76818848
-16.44166565 6.52303410 344.52209473
-17.37528992 6.51805878 345.14300537
-17.89125061 6.39082718 345.68316650
-17.02052307 5.88661671 344.51690674
-17.44203186 5.87330055 345.09985352
-16.99385071 5.35488605 344.51538086
-17.41648865 5.34202480 345.09829712
-17.84007263 5.32933426 345.67990112
-16.66062927 4.80183506 344.48489380
-17.39082336 4.81068325 345.09677124
-17.81538391 4.79845238 345.67834473
-16.63490295 4.26946259 344.48342896
-17.36512756 4.27927113 345.09530640
-17.78974915 4.26754284 345.67681885
-16.91587830 3.75923610 344.51104736
-17.33949280 3.74780059 345.09384155
-17.76411438 3.73656631 345.67523193
-16.18928528 3.12820125 344.42269897
-17.31382751 3.21627164 345.09234619
-17.78083801 2.48400617 345.03500366
-16.86238098 1.79115415 333.90887451
-17.14762878 1.83995628 334.51797485
-17.61909485 1.67009664 335.04760742
-17.36082458 1.84405732 336.22143555
-17.97389221 1.66171026 336.75518799
-17.87306213 1.59481287 338.39749146
-17.88648987 1.67071557 338.99111938
-16.31349182 1.61151099 341.09265137
-16.42543030 1.57726622 341.64813232
-20.05625916 1.22315574 350.08743286
-20.00148010 1.41440535 350.72198486
-20.12965393 1.38234472 351.26931763
-20.35032654 1.23850942 351.77218628
-20.61268616 1.17477870 352.86434937
-20.74488831 1.14308786 353.40994263
-21.01243591 1.08003616 354.49975586
-21.05619812 1.16084027 355.08914185
-21.19239807 1.12962461 355.63314819
-21.32969666 1.09852958 356.17675781
-21.61091614 1.15910935 356.76184082
-16.49220276 0.93450785 341.60543823
-16.60517883 0.90033412 342.16036987
-16.71913147 0.86625695 342.71496582
-16.74055481 0.94323611 343.31158447
-16.76298523 1.02075934 343.90786743
-16.87998962 0.98711109 344.46194458
-17.21049500 0.80861592 345.52661133
-17.63267517 0.86627269 348.37527466
-16.10661316 42.93035507 344.26885986
-16.15736389 42.87073517 345.24078369
-16.00889587 42.82873917 345.96075439
-16.12474060 42.32951736 345.21578979
-15.97630310 42.28783035 345.93576050
-15.82939053 42.24629593 346.65557861
-14.38401794 42.20587158 347.56790161
-16.24085999 41.82936096 344.46911621
-16.09141541 41.78817749 345.19003296
-15.74198914 41.76342010 345.65969849
-14.14833069 41.68053818 347.29318237
-16.20814514 41.28746414 344.44412231
-16.05870056 41.24657822 345.16513062
-16.11204529 41.18979645 346.13610840
-15.01307678 41.17204285 346.57583618
-14.31953430 41.12210464 347.51834106
-16.17472839 40.74553680 344.41845703
-16.11827087 40.57355881 345.18548584
-16.17149353 40.51767349 346.15655518
-14.22682190 40.63630295 346.52062988
-14.28755188 40.58005524 347.49414063
-16.34278870 40.18812561 344.64544678
-16.17710876 39.90079880 345.20504761
-16.23039246 39.84592056 346.17620850
-13.84730530 40.06801987 346.96823120
-16.61112976 39.72567749 343.17761230
-16.34486389 39.34495163 345.43106079
-16.19776917 39.30531311 346.15130615
-14.01908875 39.51022720 347.19433594
-16.66960144 39.05220413 343.19757080
-16.22508240 39.15804672 343.62054443
-16.13124084 38.94895935 344.31903076
-16.31141663 38.80380630 345.40551758
-16.16435242 38.76466751 346.12576294
-14.22093201 38.80134201 347.37380981
-16.42741394 38.30140305 344.66021729
-16.27870178 38.26261520 345.38058472
-16.13166809 38.22386551 346.10079956
-14.68986511 38.17418671 347.01306152
-14.54725647 38.13533020 347.73458862
-16.37370300 37.63030624 345.46881104
-14.85981846 37.61920166 347.23843384
-14.62434387 37.08988190 346.96325684
-16.91203308 36.39273834 345.17678833
-16.78071594 36.60228348 346.05764771
-14.93730164 36.57325745 346.46664429
-16.73661804 35.89736557 345.92483521
-15.16310120 35.85025024 346.66784668
-16.69813538 35.27451324 345.84600830
-15.46183777 35.20750046 347.00686646
-16.66459656 34.73395920 345.82058716
-16.51939392 34.69776535 346.54064941
-16.65812683 32.98347855 345.79061890
-16.67674255 32.90008926 346.69125366
-16.91609192 32.30672836 346.05917358
-18.07093811 31.87974358 343.91110229
-16.88307190 31.76641655 346.03463745
-16.93815613 31.72459602 347.00363159
-18.23426819 31.33189583 344.13653564
-17.24851990 31.21153831 346.50991821
-18.20039368 30.79165077 344.11132813
-16.81694031 30.68540382 345.98556519
-16.67265320 30.65211296 346.70501709
-16.38352966 30.15735435 345.45867920
-16.86985779 29.95635033 346.88165283
-16.99049377 29.31315422 346.99151611
-16.95759583 28.77364349 346.96701050
-16.66914368 28.27477837 345.72253418
-16.72550964 28.23851967 346.69354248
-16.63609314 27.73357010 345.69799805
-16.69175720 27.69826698 346.66836548
-16.60206604 27.19231987 345.67288208
-16.65864563 27.15786552 346.64382935
-16.53498840 26.10947227 345.62332153
-16.63059998 25.48386002 345.71145630
-16.94404602 25.28448868 346.90582275
-17.05278015 24.77360153 346.16128540
-17.10978699 24.74300003 347.13076782
-17.01948547 24.23309135 346.13693237
-17.07588196 24.20344353 347.10577393
-16.78648376 23.69319344 345.86132813
-15.62809753 23.58202362 347.99829102
-16.75318909 23.15198898 345.83694458
-16.86515808 22.54925728 345.95852661
-16.02937317 22.44559097 347.58892822
-15.95082092 22.25325775 348.28372192
-15.96055603 21.86343384 347.49542236
-15.92729187 21.32242966 347.47109985
-16.51292419 20.86137199 345.53073120
-16.19718933 20.76760101 346.90585327
-17.00450134 20.27421188 343.38009644
-16.51615906 20.21996117 344.57400513
-16.57286072 20.19665909 345.54858398
-16.43263245 20.17086983 346.27157593
-16.49259949 20.14779091 347.24301147
-16.53938293 19.65475655 345.52432251
-16.59800720 19.63236618 346.49703979
-16.93443298 19.18783188 343.32882690
-16.59074402 19.15941620 343.79977417
-16.44776917 19.13426208 344.52413940
-16.50523376 19.11270332 345.49942017
-16.36512756 19.08791161 346.22235107
-16.55641174 18.61596489 343.77484131
-16.61265564 18.59519958 344.75140381
-16.67066956 18.57453728 345.72622681
-16.72087097 18.07669449 344.00256348
-16.57835388 18.05254555 344.72662354
-16.89469910 17.87362289 345.92529297
-17.08259583 17.77463913 347.00799561
-16.48695374 17.52872849 343.72436523
-16.99000549 17.25306320 346.01272583
-17.04853821 17.23468590 346.98309326
-16.65205383 16.99019432 343.95291138
-16.50962830 16.96695709 344.67684937
-16.95582581 16.71200943 345.98788452
-16.81697083 16.68902016 346.70980835
-16.74678040 16.36804008 344.04074097
-16.73472595 16.26641655 344.87771606
-16.92228699 16.17080116 345.96380615
-16.82978821 15.64545918 344.96530151
-16.88801575 15.62965298 345.93905640
-16.93717957 15.12515163 344.21713257
-16.79548645 15.10321331 344.94058228
-16.85438538 15.08824635 345.91491699
-16.70320129 14.57498837 343.93890381
-16.76100159 14.56086254 344.91580200
-16.62165833 14.53940105 345.63977051
-16.66862488 14.03163910 343.91418457
-16.72663879 14.01830387 344.89108276
-16.63414001 13.48809147 343.88940430
-16.92552185 13.33707333 345.06854248
-17.13996887 13.23270226 346.17672729
-16.59953308 12.94453907 343.86474609
-17.04673767 12.70285797 345.17868042
-17.10563660 12.69185162 346.15203857
-16.56498718 12.40079403 343.84008789
-17.01225281 12.16101170 345.15396118
-17.07203674 12.15084457 346.12802124
-16.62532043 11.73778629 343.85757446
-16.97785950 11.61896133 345.12930298
-17.03761292 11.60978985 346.10345459
-16.68638611 11.07491875 343.87588501
-16.94331360 11.07691002 345.10470581
-17.00379944 11.06858158 346.07943726
-16.65180969 10.53137016 343.85119629
-17.10737610 10.54568005 345.33209229
-17.06462097 10.40907478 346.09686279
-16.61647034 9.98767948 343.82589722
-17.12550354 9.74976158 346.11422729
-16.58177185 9.44392776 343.80130005
-17.09169006 9.20864582 346.09033203
-16.90177917 8.82307911 344.16476440
-17.09965515 8.80220890 345.30114746
-17.05726624 8.66750145 346.06573486
-17.10072327 8.14645386 344.34259033
-17.16041565 8.14276886 345.31851196
-17.02342224 8.12627792 346.04187012
-17.06608582 7.60374451 344.31799316
-17.12577820 7.60100555 345.29409790
-16.98890686 7.58497334 346.01742554
-16.83256531 7.04700375 344.04013062
-17.09114075 7.05914116 345.26956177
-16.79780579 6.50362015 344.01559448
-17.05714417 6.51714230 345.24578857
-16.91041565 5.90935040 344.13870239
-17.25550842 5.84436512 345.42172241
-16.92134094 5.18374062 344.05126953
-17.57383728 5.23146534 345.78195190
-17.28199768 4.67255211 344.53179932
-17.48811340 4.62482548 345.65258789
-17.24723816 4.13016796 344.50741577
-17.11064148 4.11664677 345.23208618
-17.01502991 3.57069087 344.23077393
-17.27323914 3.59160113 345.45849609
-17.07633972 2.91244912 344.24777222
-17.13734436 2.91741109 345.22467041
-19.42417908 2.21804929 346.13235474
-16.82536316 0.68621778 357.59402466
-17.07899475 36.82511902 344.76165771
-17.05992126 36.26163864 344.71493530
-16.39247131 35.37921143 345.99755859
-17.01084900 34.84109497 345.52478027
-16.33622742 34.80609894 346.29550171
-16.99186707 34.27865982 345.47717285
-16.31718445 34.24472427 346.24893188
-16.97273254 33.71619034 345.43057251
-16.94844055 33.00979614 345.83422852
-16.92408752 32.30493927 346.23693848
-17.61155701 31.50236320 344.12438965
-16.88569641 31.18187523 346.14382935
-16.86656189 30.62020302 346.09729004
-16.84724426 30.05842590 346.05075073
-16.84648132 28.94024086 345.61380005
-16.17301941 28.91500854 346.38708496
-16.85923767 28.19964409 345.82354736
-16.18727112 28.22130966 346.44628906
-16.83665466 27.54633904 346.07702637
-16.20152283 27.52781296 346.50558472
-16.81721497 26.98442459 346.02944946
-16.18211365 26.96633720 346.45901489
-16.83598328 26.42575455 345.63992310
-16.16267395 26.40467072 346.41244507
-16.77824402 25.86008072 345.93627930
-16.14317322 25.84283829 346.36688232
-16.77873230 25.12198257 346.25921631
-16.08140564 25.07930183 347.33273315
-16.76921082 24.47256660 346.39797974
-16.74967957 23.91089630 346.35137939
-17.42042542 23.45301628 345.11560059
-16.73002625 23.34912300 346.30477905
-17.34565735 22.80229759 345.82745361
-16.71043396 22.78731728 346.25720215
-15.99552917 22.51372719 348.26153564
-17.36485291 22.23953056 345.43771362
-16.70100403 22.13929367 346.39599609
-16.05091858 21.95358086 347.53582764
-16.03135681 21.39340401 347.48931885
-17.40327454 21.11063194 344.65396118
-16.60588074 20.84808922 347.35418701
-16.01170349 20.83297729 347.44381714
-17.38334656 20.54627037 344.60723877
-16.66435242 20.34693336 346.40054321
-17.44197083 19.97715759 343.86795044
-16.64289856 19.72208977 346.57763672
-17.42195129 19.41155815 343.82019043
-16.62303162 19.16052628 346.53106689
-17.39375305 18.59618950 344.67913818
-16.64131165 18.59515762 346.14312744
-17.29536438 18.04007912 345.32012939
-16.62138367 18.03279686 346.09649658
-17.27519226 17.47661018 345.27352905
-16.62089539 17.32059097 346.38192749
-17.25517273 16.91311646 345.22579956
-16.61387634 16.65915108 346.55703735
-17.23509216 16.34946060 345.17913818
-16.59394836 16.09739113 346.51040649
-17.27537537 15.61473560 345.15914917
-16.60157776 15.61139202 345.93670654
-17.26591492 14.96881390 345.29803467
-16.59239197 14.96662045 346.07476807
-17.26124573 14.48219681 344.83435059
-16.57228088 14.40406322 346.02813721
-17.22560120 13.84165955 345.20370483
-16.59071350 13.83341885 345.63787842
-17.20530701 13.27786160 345.15597534
-16.57051086 13.27006245 345.59118652
-17.19596863 12.63343525 345.29504395
-16.57276917 12.54570866 345.91494751
-17.28294373 12.12130260 344.02749634
-16.60264587 11.89292908 345.71139526
-16.58238220 11.32967281 345.66470337
-17.21171570 10.84488392 344.76544189
-17.17622375 10.20849514 345.13400269
-17.15577698 9.64444160 345.08734131
-17.17485046 9.06806278 344.69476318
-17.11482239 8.51616001 344.99285889
-17.09172058 7.84202576 345.39544678
-17.10810852 7.15538311 345.45510864
-17.08760071 6.59180069 345.40841675
-17.74147034 6.01541996 344.58117676
-17.06706238 6.02819061 345.36077881
-17.72074890 5.45069408 344.53338623
-17.00703430 5.48004055 345.65707397
-17.70018005 4.88586617 344.48565674
-17.02360535 4.79498672 345.71688843
-17.00074768 4.12701988 346.11880493
-17.73347473 3.51296544 344.60604858
-17.09596252 3.33981204 345.79483032
-21.44169617 2.30613017 356.06423950
-20.81135559 2.37185550 356.35156250
-18.54997253 2.28259516 356.39935303
-17.89930725 2.39929366 356.71859741
-17.36061096 2.26503015 356.91305542
-22.02336121 1.59295058 356.35504150
-19.14085388 1.63826108 356.35974121
-17.57365417 33.61730194 346.06335449
-17.18595886 32.16912842 346.41961670
-17.47248840 31.58964348 346.13119507
-15.78623962 30.72550774 346.05123901
-15.73359680 30.00594711 346.11129761
-16.81312561 28.98034668 346.63021851
-16.81846619 28.39835358 346.58093262
-16.82295227 27.81621742 346.53234863
-16.82746887 27.23398590 346.48358154
-16.20692444 26.96061897 346.33779907
-16.83271790 26.65169144 346.43417358
-16.21156311 26.37867546 346.28918457
-16.72282410 25.79729462 346.60171509
-15.93568420 25.79925156 346.47952271
-17.06697083 25.34802818 346.20452881
-17.01484680 24.62942314 346.26376343
-16.73847961 24.05082703 346.45358276
-16.74287415 23.46829987 346.40475464
-17.31114197 22.87504005 345.87664795
-16.75239563 22.30318451 346.30648804
-16.30638123 21.55057335 346.72097778
-16.36671448 20.87724495 346.66479492
-17.33000183 20.53933525 345.67947388
-16.93901062 19.69640923 346.08853149
-16.38044739 19.13111687 346.51757813
-16.38548279 18.54883194 346.46807861
-16.25852966 17.88170242 346.57147217
-17.24018860 17.35207558 345.65115356
-16.83067322 16.69487572 345.99468994
-17.53263855 16.17168808 345.31149292
-15.78279114 15.95369816 346.13345337
-17.82023621 15.57427120 345.02151489
-17.48487854 14.86997509 345.32324219
-16.07209778 14.77584362 345.79638672
-17.15003967 14.16742992 345.62420654
-16.07707214 14.19277096 345.74667358
-17.15425110 13.58311844 345.57504272
-16.08122253 13.60955524 345.69766235
-17.15989685 12.99879074 345.52459717
-17.16410828 12.41427898 345.47543335
-17.16886902 11.82971573 345.42547607
-17.46061707 10.64319992 345.08602905
-17.40907288 9.92840767 345.14749146
-17.07444763 9.23238277 345.44912720
-17.07929993 8.64781094 345.39923096
-17.08335876 8.06310558 345.34991455
-18.16493225 7.44086933 345.17620850
-17.08808899 7.47834587 345.29989624
-18.16966248 6.85490513 345.12603760
-17.09214783 6.89346218 345.25061035
-18.17433167 6.26885033 345.07586670
-16.42054749 6.09631443 345.90255737
-18.17897034 5.68271160 345.02563477
-16.42460632 5.51284885 345.85330200
-18.18290710 5.09644699 344.97610474
-16.99424744 4.88425636 345.32431030
-16.99830627 4.29947186 345.27505493
-17.81706238 3.51788211 345.40921021
-16.71977234 3.73833060 345.46517944
-15.38523865 43.09200668 344.40167236
-15.53813171 42.35144806 345.63842773
-15.41029358 42.35558319 345.02456665
-14.43104553 41.58833313 348.04299927
-15.30641174 41.62366104 345.03387451
-14.82533264 41.00575638 348.02822876
-15.34239197 40.44720078 344.97344971
-14.36247253 39.83475876 347.33929443
-13.88658142 39.10588837 347.33276367
-15.11564636 39.27795792 343.68734741
-15.40281677 37.30458069 346.70608521
-14.83906555 36.62374115 346.68273926
-14.89244080 34.86156464 346.59127808
-15.28794861 34.27065277 346.57537842
-14.78202820 34.27749634 345.94866943
-15.68452454 33.67846298 346.55953979
-15.70298767 33.08945465 346.52893066
-14.81800842 33.10205841 345.88769531
-15.72151184 32.50045776 346.49835205
-16.11808777 31.90556145 346.48226929
-16.64356995 31.30613518 347.08093262
-15.75846863 31.32203865 346.43701172
-16.66209412 30.71563148 347.05017090
-15.36235046 30.55284309 346.45083618
-15.55058289 29.86683464 346.45730591
-16.70014954 29.53446007 346.98855591
-15.56913757 29.27783012 346.42669678
-16.53553772 28.73678398 347.01931763
-15.58763123 28.68872452 346.39599609
-15.60609436 28.09952164 346.36532593
-16.00282288 27.50012589 346.34942627
-16.90959167 26.88577271 346.96289063
-16.02131653 26.91012192 346.31872559
-15.51127625 26.92389870 345.69171143
-16.92909241 26.29459381 346.93203735
-16.03987122 26.32002068 346.28793335
-16.94764709 25.70329666 346.90115356
-16.05836487 25.72991943 346.25717163
-16.96620178 25.11180496 346.87026978
-16.45619202 25.12725639 346.24108887
-16.98576355 24.52032661 346.83935547
-16.09538269 24.54932594 346.19552612
-16.50154114 23.80662346 346.83483887
-16.36970520 23.80954170 346.22152710
-16.43565369 21.89876175 346.78408813
-16.30281067 21.90164566 346.17123413
-16.41398621 22.17481804 345.47366333
-16.45417786 21.30786514 346.75317383
-16.32136536 21.31075096 346.14038086
-16.85304260 20.70018959 346.73788452
-16.33988953 20.71975327 346.10949707
-16.87159729 20.10859680 346.70690918
-16.35844421 20.12865639 346.07861328
-16.46910095 20.11726761 344.86825562
-16.89012146 19.51680183 346.67590332
-16.37696838 19.53756142 346.04769897
-16.10832214 19.54339790 344.82382202
-16.90971375 18.92503166 346.64486694
-16.39552307 18.94626427 346.01675415
-15.74549866 18.97058105 344.77935791
-17.30860901 18.31405640 346.62939453
-16.14241028 18.36083412 344.76211548
-16.16090393 17.76943016 344.73132324
-16.54066467 16.98144341 345.99154663
-16.31529236 17.17506599 345.31198120
-16.17848206 17.17801476 344.70046997
-16.22456360 16.31541824 345.97930908
-17.52558899 15.19878101 345.91915894
-16.24742126 15.26801395 345.26269531
-16.65962219 14.51894855 345.90158081
-16.14234924 14.54454899 345.27536011
-16.67720032 13.92693424 345.87057495
-16.16090393 13.95315266 345.24444580
-17.07725525 13.31089592 345.85467529
-16.17848206 13.36163425 345.21353149
-17.09584045 12.71820259 345.82366943
-16.19694519 12.77013779 345.18261719
-17.11341858 12.12539387 345.79257202
-15.71339417 12.07303047 345.18154907
-17.89503479 11.48101234 345.79162598
-15.60932922 11.35196018 345.19485474
-17.53111267 10.91324997 345.74539185
-17.04554749 10.21658993 345.74374390
-15.64540100 10.17048454 345.13311768
-16.55989075 9.52167892 345.74191284
-15.66291809 9.57965755 345.10223389
-16.19889832 8.95784950 345.69570923
-15.68141174 8.98879051 345.07138062
-16.97761536 8.30855179 345.69512939
-15.69898987 8.39782429 345.04046631
-16.99617004 7.71575069 345.66400146
-16.09510803 7.77745438 345.02389526
-17.01374817 7.12285900 345.63293457
-15.73405457 7.21571159 344.97863770
-16.65071106 6.56059074 345.58666992
-16.13127136 6.59405327 344.96203613
-17.06849670 5.34384918 345.53964233
-15.92198181 5.15507317 344.99053955
-17.26399231 3.81254268 345.60501099
-15.45567322 3.87838531 344.95980835
-17.47392273 2.44719315 357.18322754
-16.85884094 2.35728049 356.58465576
-16.61720276 2.48396420 354.70562744
-15.99702454 2.39432716 354.11230469
-15.74546814 2.39653087 352.89129639
-13.68086243 2.91893172 339.98623657
-13.15119934 2.95713878 339.37503052
-12.96302795 3.09256911 338.12545776
-12.68638611 2.96974635 337.57250977
-12.37144470 2.97874045 336.37347412
-12.21153259 2.98339248 335.77474976
-12.30101013 3.14026523 334.51654053
-16.01853943 1.80566573 354.08035278
-17.60215759 2.11196518 348.52999878
-15.54505920 43.11650085 344.30242920
-15.24732971 42.68090820 346.43780518
-15.30680847 42.68082428 345.65255737
-14.11817932 42.10922241 346.95401001
-15.58149719 42.10097122 345.89868164
-15.38133240 42.10346222 344.85406494
-13.95903015 41.39161301 347.67294312
-14.02247620 41.39270020 346.88803101
-15.48426819 41.38291931 345.83282471
-15.41755676 41.33839035 344.94342041
-15.48222446 41.24578857 344.20993042
-13.60911560 40.67808914 347.34637451
-13.92668247 40.67657852 346.82208252
-15.49916077 40.66875839 344.19619751
-15.51679993 40.09162903 344.18316650
-13.90052795 39.51925659 347.58178711
-13.96308899 39.52214432 346.79629517
-15.67054653 39.59821701 345.94906616
-15.64128113 39.60264206 345.07580566
-13.98167419 38.94482803 346.78378296
-15.44029236 38.93019485 345.72747803
-15.49647522 38.93365860 344.94128418
-14.25569153 38.36183548 347.03198242
-14.01887512 37.78980637 346.75863647
-14.60823059 37.20407867 346.48052979
-14.46403503 36.53692245 346.34542847
-15.00263977 34.79520035 345.95339966
-14.54374695 33.47038269 345.51141357
-14.81767273 32.88189697 345.75833130
-14.58006287 32.31504822 345.48574829
-15.10954285 31.71320152 345.99194336
-15.38417053 31.12162209 346.23962402
-15.66023254 30.52875519 346.48867798
-15.80372620 25.88432312 346.38223267
-15.82228088 25.30340958 346.36968994
-16.09785461 24.70353699 346.61785889
-15.49140930 24.12421417 347.66357422
-16.37409973 24.10246849 346.86676025
-15.51023865 23.54250526 347.65081787
-15.78569031 22.94011116 347.90051270
-16.12098694 22.65419579 347.53070068
-16.41011047 22.93793869 346.84005737
-15.96867371 22.71443748 345.68395996
-16.39799500 22.05020905 347.78170776
-16.24436951 22.11237144 345.93200684
-16.00376892 21.55299568 345.65670776
-16.48698425 20.90540695 346.96066284
-16.27943420 20.94952965 345.90484619
-16.32865906 20.97124290 345.11276245
-16.24620056 20.34594917 346.68405151
-16.29728699 20.36810875 345.89157104
-16.34574890 20.39041710 345.09887695
-16.39353943 20.41268158 344.30822754
-16.26411438 19.76373100 346.67080688
-16.31517029 19.78659058 345.87832642
-16.36354065 19.80949593 345.08572388
-16.41062927 19.83235550 344.29437256
-16.28205872 19.18151474 346.65750122
-16.33232117 19.20496941 345.86437988
-16.30003357 18.59919930 346.64416504
-16.35023499 18.62324905 345.85113525
-16.39778137 18.64744949 345.05789185
-16.70347595 18.64678574 344.52709961
-16.31797791 18.01688385 346.63082886
-16.24967957 17.91180038 345.78710938
-16.29707336 17.93659019 344.99401855
-16.34385681 17.96143913 344.20297241
-16.24296570 17.25157547 344.13922119
-16.00202942 16.69817162 343.86566162
-16.30180359 16.16693115 345.74603271
-16.23109436 16.06458092 344.90325928
-16.01899719 16.11854362 343.85186768
-16.20176697 15.45637417 345.68295288
-16.24812317 15.48375416 344.88946533
-16.03593445 15.53891277 343.83816528
-15.96116638 14.90330410 345.40759277
-16.26588440 14.90283298 344.87628174
-16.31083679 14.93076038 344.08422852
-16.23670959 14.29323101 345.65579224
-16.28291321 14.32180595 344.86248779
-16.32783508 14.35043144 344.07043457
-16.25382996 13.71160603 345.64193726
-16.30000305 13.74077988 344.84860229
-16.34477234 13.77010155 344.05670166
-16.27168274 13.12988758 345.62869263
-16.31703186 13.15975189 344.83480835
-16.36177063 13.18967342 344.04290771
-16.28880310 12.54816341 345.61480713
-16.33406067 12.57862473 344.82098389
-16.56437683 11.93498707 345.86303711
-16.35115051 11.99739838 344.80712891
-16.65370178 11.99728966 344.27517700
-16.58158875 11.35256481 345.84909058
-16.36817932 11.41617012 344.79330444
-16.29338074 11.32122135 343.95172119
-15.93467712 10.64676762 343.62945557
-16.87565613 10.15436172 346.08486938
-16.51499939 9.47868347 345.75891113
-16.30073547 9.54609108 344.70257568
-16.22554016 9.45368862 343.86135864
-16.41267395 8.77025127 345.69519043
-16.19908142 8.83897209 344.63961792
-16.24168396 8.87337112 343.84698486
-16.51646423 8.25817013 344.09323120
-16.44755554 7.60578156 345.66821289
-16.49104309 7.64140511 344.87326050
-16.27549744 7.71263599 343.81961060
-16.46458435 7.02348423 345.65438843
-16.25001526 7.09587288 344.59832764
-16.29173279 7.13220215 343.80517578
-16.48164368 6.44114685 345.64056396
-16.14353943 6.48088074 343.67257690
-16.49876404 5.85876179 345.62667847
-16.55827332 5.31455326 344.81753540
-16.49635315 4.64775658 343.96054077
-16.61143494 3.86407065 344.95434570
-15.29259968 42.92219925 344.40301514
-14.21580029 41.99229813 345.99200439
-14.22360039 41.43780136 345.65100098
-13.67990017 40.96640015 347.46899414
-14.22799969 40.87210083 346.33200073
-13.65750027 40.32040024 347.16699219
-14.23589993 40.31800079 345.99099731
-14.24380016 39.76490021 345.64999390
-14.24689960 39.19010162 346.67401123
-14.20730019 38.49840164 346.56298828
-15.38599968 31.63319969 345.79800415
-15.29740047 30.81559944 345.57800293
-15.93789959 21.69140053 346.47299194
-16.45479965 20.48719978 344.67999268
-15.94180012 19.99659920 345.97698975
-16.46120071 19.92819977 344.67898560
-15.89879990 19.31100082 345.86499023
-16.46759987 19.36910057 344.67700195
-15.90579987 18.77499962 345.52200317
-16.43440056 18.74559975 344.11300659
-15.91230011 18.21470070 345.51998901
-16.38159943 18.07979965 343.43798828
-15.91880035 17.65430069 345.51901245
-16.38789940 17.52249908 343.43600464
-15.92459965 17.06739998 345.85998535
-16.43350029 17.00020027 344.33599854
-16.40040016 16.38089943 343.77200317
-16.40690041 15.85050011 343.43099976
-16.41250038 15.20880032 344.44799805
-16.41880035 14.64980030 344.44601440
-16.42510033 14.09070015 344.44500732
-16.43099976 13.50170040 344.78399658
-16.43729973 12.94200039 344.78298950
-17.00219917 13.01889992 343.59399414
-16.44359970 12.38220024 344.78100586
-16.94129944 12.28909969 343.56100464
-16.44960022 11.79100037 345.11999512
-16.45619965 11.26259995 344.77700806
-16.43740082 10.65869999 344.54998779
-16.95969963 10.61489964 343.55499268
-16.46750069 10.04360008 345.79998779
-16.93190002 9.98752975 343.36700439
-16.47459984 9.54926968 345.11199951
-16.43980026 8.87220001 345.22900391
-16.94409943 8.87176991 343.36300659
-16.38559914 8.22329998 344.54901123
-16.95019913 8.31383038 343.35998535
-16.39179993 7.66365004 344.54699707
-16.95630074 7.72073984 343.69699097
-16.39719963 7.06812000 344.88598633
-16.96229935 7.19785976 343.35501099
-16.40399933 6.54416990 344.54299927
-16.96839905 6.63982010 343.35299683
-16.41020012 5.98440981 344.54098511
-16.92309952 5.96335983 343.24200439
-16.41570091 5.38724995 344.88000488
-16.98649979 4.92774010 343.68399048
-16.39369965 4.20075989 344.68899536
-16.88940048 4.13340998 343.46600342
-12.05869961 3.70011997 334.35998535
-15.36979961 3.67273998 333.51098633
-16.89539909 3.57511997 343.46398926
-12.03450012 3.09475994 334.18499756
-14.76939964 2.99134994 333.68301392
-17.60059929 2.61587000 333.03201294
-14.79450035 1.89242995 334.13900757
