-8.29493046 104.49886322 351.13467407
-8.76841164 103.93650055 351.47686768
-8.51895046 103.44902802 351.70446777
-8.51296425 102.90500641 351.70675659
-7.78176165 102.43492126 351.59484863
-8.50688744 102.36003113 351.70913696
-8.01952744 101.83439636 351.37240601
-8.74439240 101.76055908 351.48629761
-8.50194359 101.18039703 350.92446899
-8.25222206 100.69091797 351.15173340
-7.27560425 100.27330780 351.26458740
-8.24623585 100.14594269 351.15417480
-7.51477337 99.67479706 351.04205322
-7.26381493 99.18241882 351.26950073
-6.77637815 98.65602875 350.93133545
-7.06680918 97.90650177 350.61489868
-7.11234426 97.20985413 350.52233887
-5.34144545 90.22794342 349.76144409
-4.95059443 88.85848999 349.23355103
-4.94341803 88.31291199 349.23760986
-5.18402433 87.72485352 349.01934814
-5.17689323 87.17954254 349.02340698
-4.92351961 86.67542267 349.24859619
-4.43643475 86.14983368 348.90927124
-4.67684364 85.56356812 348.69219971
-4.45649624 84.95986176 348.85314941
-4.16777563 84.55095673 349.14288330
-4.46019602 83.81860352 348.82846069
-4.50501585 83.12574005 348.73501587
-4.01025057 82.05464172 348.40069580
-4.00333261 81.50843811 348.40499878
-3.99630785 80.96227264 348.40921021
-3.74197102 80.45149231 348.63333130
-4.23137236 79.83425903 348.19662476
-3.49547911 79.34410095 348.07864380
-4.22445440 79.28826904 348.20098877
-3.23993611 78.83168030 348.30303955
-3.23233128 78.28448486 348.30804443
-3.34312129 77.63005066 348.17321777
-4.50290537 77.47242737 347.89627075
-2.96241689 76.67463684 348.54193115
-2.91641235 75.96650696 348.51712036
-3.29985881 75.26003265 348.13418579
-3.54200959 74.68234253 347.91879272
-2.80440617 74.18736267 347.80059814
-3.53524423 74.13542175 347.92327881
-2.79765582 73.63985443 347.80505371
-3.03953218 73.06353760 347.59088135
-2.78345299 72.54467010 347.81478882
-2.52580118 72.02482605 348.03985596
-2.66927195 71.39176941 347.88546753
-2.01128983 70.98178101 348.48953247
-2.50506020 70.37931824 348.05432129
-3.45639086 70.36408234 349.52075195
-2.54895020 69.68918610 347.95986938
-2.59206176 68.99935913 347.86611938
-3.55932260 68.95340729 348.54745483
-2.83589292 68.42625427 347.65097046
-2.57794976 67.90227509 347.87597656
-2.57139730 67.35356903 347.88064575
-3.55414724 67.28329468 347.78228760
-2.56406641 66.80487823 347.88598633
-3.54753399 66.73550415 347.78698730
-2.30700755 66.27851868 348.11032104
-2.55025911 65.70699310 347.89608765
-2.59356976 65.01815796 347.80105591
-1.53665674 63.57373810 348.01431274
-2.47254443 63.31149292 347.87628174
-2.86589861 62.66342926 347.50296021
-2.12549806 62.15729141 347.38616943
-2.85940695 62.11474228 347.50769043
-1.86715591 61.62646103 347.61062622
-2.60220933 61.58426666 347.73196411
-1.85993135 61.07655716 347.61611938
-2.59503078 61.03477859 347.73742676
-1.85287464 60.52667618 347.62170410
-1.59436357 59.99343872 347.84613037
-1.83857799 59.42634964 347.63284302
-1.94836366 58.77943802 347.49835205
-0.82798332 57.82925034 347.74719238
-0.87080586 57.14093018 347.65155029
-2.16161156 56.93728256 347.23437500
-1.16628969 56.43924332 347.33709717
-2.15456986 56.38747406 347.23999023
-1.15846944 55.88834381 347.34344482
-2.14678073 55.83758926 347.24636841
-1.40346336 55.32477951 347.13095093
-2.13980055 55.28769302 347.25204468
-1.14453840 54.78635025 347.35488892
-2.13278937 54.73758698 347.25772095
-1.13749647 54.23525238 347.36062622
-2.12582397 54.18738556 347.26345825
-1.12985933 53.68396378 347.36712646
-1.37488425 53.12199402 347.15472412
-2.11189342 53.08658600 347.27511597
-0.68021029 52.47120285 346.93670654
-1.41747892 52.43629456 347.05877686
-2.10498929 52.53608322 347.28088379
-0.72275925 51.78539276 346.84085083
-1.45993650 51.75098801 346.96282959
-0.50638419 50.77783585 347.06652832
-1.44545603 50.64938736 346.97518921
-2.14859629 50.59880829 348.64550781
-1.18544590 50.10626221 347.19958496
-1.43092978 49.54729843 346.98754883
-1.17102599 49.00296783 347.21197510
-0.91116744 48.45755005 347.43655396
-1.02147353 47.81452179 347.30114746
-0.88929212 46.79993820 347.45578003
-0.14166765 46.27709579 347.34179688
-0.93190265 46.11484146 347.35842896
-1.67166102 46.08501053 347.47732544
-1.22635376 45.42648315 347.04415894
-1.71349347 45.40081787 347.38055420
-0.73298049 44.90023041 346.71279907
-1.47135031 44.87138367 346.83309937
-0.47249511 44.35070419 346.93667603
-1.46464396 44.31978989 346.83914185
-0.46504045 43.79801178 346.94342041
-1.74116135 43.67880249 346.56057739
-0.74277842 43.15651321 346.66470337
-1.75080287 43.08392334 346.53204346
-0.75171757 42.56075287 346.63696289
-0.44287458 42.13932037 346.96374512
-0.76209325 41.39074326 346.59783936
-1.28417170 40.77467346 346.12002563
-1.27677858 40.22328568 346.12686157
-1.01775694 39.67014694 346.34945679
-0.50394714 39.11374664 346.79031372
-0.61340034 38.47542191 346.65542603
-0.84049457 37.75287247 346.37808228
-0.83316207 37.20047379 346.38494873
-0.54256415 34.43006516 346.63693237
-0.04777120 33.90322113 346.30841064
-0.03985822 33.34952545 346.31613159
-0.03275404 32.79572296 346.32321167
-0.07364218 32.11555481 346.22552490
0.01713718 30.40866661 346.28454590
0.65017712 29.79072762 346.03088379
-0.09240908 29.77434540 346.14971924
0.65796834 29.23632050 346.03872681
0.16965374 29.20926094 346.37356567
0.66498119 28.68181038 346.04592896
0.17671242 28.65475082 346.38073730
0.67278773 28.12722015 346.05380249
0.93602639 27.55974579 346.27792358
1.20002854 26.99128723 346.50268555
1.20696568 26.43527412 346.50991821
0.70288503 25.90771103 346.08468628
1.47856224 25.30841064 346.74267578
1.22925770 24.76696205 346.53311157
1.08471048 24.15691376 346.37957764
1.19718361 23.53130913 346.44366455
2.25599647 23.09154320 346.65591431
1.21984410 23.01593971 346.48620605
2.21490979 22.41116905 346.55697632
1.30390155 22.38704872 346.52349854
2.17464709 21.73121262 346.45861816
1.17082560 21.73952293 346.35986328
1.43425024 21.16465187 346.58386230
2.44832158 20.59727287 346.69226074
1.44185936 20.60774994 346.59191895
2.45594621 20.03926277 346.70040894
1.44946837 20.05074692 346.59997559
0.70100367 20.04279900 346.71459961
2.20493174 19.50119209 346.49099731
1.45626867 19.49353981 346.60736084
0.70855159 19.48620224 346.72268677
2.58890176 18.99707603 346.86026001
1.46380162 18.93633270 346.61547852
2.73703361 18.34332466 346.94219971
1.72876883 18.35787964 346.84078979
2.74456692 17.78440857 346.95040894
1.99369061 17.77832031 347.06616211
2.75208545 17.22540092 346.95855713
2.00123954 17.21981430 347.07427979
1.25066781 17.21444893 347.18829346
2.75957298 16.66629601 346.96679688
2.26687908 16.63848114 347.30026245
1.25745320 16.65633392 347.19570923
2.22670770 15.95902443 347.20046997
1.47590673 15.95464802 347.31466675
1.17774987 15.29994965 346.99667358
1.18532884 14.74204540 347.00476074
2.67351818 14.26557922 347.59606934
1.45016050 14.15898800 347.23025513
2.20831227 13.60275459 347.12438965
1.45700717 13.60047531 347.23773193
2.21584606 13.04355335 347.13259888
1.46449482 13.04177189 347.24581909
2.74255610 12.43099880 347.57791138
1.47131097 12.48305798 347.25338745
4.22882700 11.95488453 346.58453369
2.75001383 11.87069130 347.58615112
1.47805095 11.92424202 347.26086426
4.23689508 11.39437771 346.59362793
2.49669290 11.33778954 347.37484741
1.48547769 11.36533546 347.26904297
2.50411987 10.77778912 347.38305664
4.25139904 10.27325726 346.61053467
2.51084495 10.21766758 347.39062500
1.75782931 10.21867180 347.50277710
3.69018793 9.65310478 346.07669067
2.47114563 9.53983116 347.29028320
1.52987003 9.52154255 347.22039795
3.39074707 9.00591564 345.76150513
2.17196393 8.89208794 346.97180176
1.41964960 8.89404488 347.08319092
3.68577337 8.32815361 346.75265503
1.42707622 8.33519173 347.09143066
3.43280268 7.79841614 346.54382324
2.44562912 7.74232578 347.20568848
1.43386197 7.77625656 347.09893799
3.44012284 7.23832464 346.55221558
2.45299530 7.18227291 347.21395874
1.44057143 7.21725225 347.10653687
3.70836067 6.64633894 346.77847290
2.71992087 6.59021330 347.44021606
1.44728100 6.65818071 347.11401367
3.62104535 5.85348749 346.56842041
2.86767817 5.85779428 346.68237305
2.34933162 5.99539423 347.08459473
1.36190307 5.86695957 346.90490723
2.02745152 5.07203865 346.58279419
2.53314614 4.74932766 335.50781250
0.58181530 4.94414902 345.51184082
5.65705919 4.33523607 336.76617432
-6.48236561 87.76796722 349.41632080
-6.11041975 86.73183441 349.38201904
-5.76026630 86.23730469 349.35424805
-5.71646881 85.14943695 349.34112549
-5.36634398 84.65258026 349.31338501
-5.34444475 84.10790253 349.30685425
-4.99221373 83.60951233 349.27890015
-4.54873419 83.13702393 348.66604614
-4.97022295 83.06423187 349.27249146
-4.52684975 82.59116364 348.65957642
-3.52712297 78.90650940 347.39794922
-3.17171574 78.40089417 347.36788940
-2.81623244 77.89411163 347.33789063
-2.79314160 77.34548950 347.33172607
-3.85878348 76.64817810 347.98287964
-3.37500334 75.88876343 347.86340332
-3.61969781 75.93151093 348.48739624
-2.59584689 75.44667816 347.22222900
-2.63981390 74.32003784 347.79745483
-2.61679888 73.77056885 347.79122925
-2.59376860 73.22103882 347.78509521
-3.45620322 72.97361755 348.38470459
-2.45636392 69.92124939 347.74929810
-3.37624025 68.43902588 348.30209351
-3.35322547 67.88985443 348.29614258
-2.99732566 67.37220001 348.26675415
-3.29814386 66.63278961 348.23263550
-3.49063110 65.95734406 348.20794678
-3.13477659 65.43798828 348.17816162
-3.11163926 64.88812256 348.17230225
-2.66078353 64.39733887 347.55603027
-3.08860874 64.33816528 348.16650391
-3.06655478 63.78807449 348.16079712
-2.61354709 63.29635239 347.54446411
-3.04347849 63.23793030 348.15502930
-2.59053183 62.74557877 347.53881836
-3.02035666 62.68766022 348.14932251
-2.56739402 62.19470215 347.53311157
-3.17655087 62.03467178 348.12759399
-2.18624830 61.11878586 347.49697876
-2.34338856 60.46525955 347.47546387
-2.24341249 59.87549210 347.44937134
-2.77878380 59.67967224 348.02392578
-1.78089535 59.48800278 347.45538330
-2.11926031 58.73350906 347.41766357
-2.73153162 58.57755280 348.01263428
-2.27743840 58.08076096 347.39593506
-2.70843959 58.02629471 348.00711060
-1.84862781 57.64476395 347.38977051
-2.68531680 57.47492218 348.00158691
-2.23021650 56.97704697 347.38494873
-2.66220951 56.92344284 347.99612427
-1.87197769 56.44678497 347.35415649
-1.84783220 55.89414978 347.34869385
-1.94673860 55.86248016 347.93569946
-1.82466328 55.34137726 347.34335327
-1.92260849 55.30972672 347.93032837
-1.03139400 54.86089325 346.69848633
-1.80045676 54.78853607 347.33792114
-1.89940906 54.75675201 347.92486572
-1.00714135 54.30695724 346.69308472
-1.88178158 54.09772491 347.29498291
-2.31491971 54.04627228 347.90661621
-1.32008040 53.73350525 346.71398926
-1.96312189 53.40731049 347.25204468
-2.39622974 53.35636520 347.86355591
-2.37206888 52.80401611 347.85824585
-1.91476977 52.30171204 347.24127197
-2.34891558 52.25164032 347.85284424
-0.78616768 51.83346939 346.56994629
-1.55543053 51.76620102 347.21014404
-2.32573152 51.69906235 347.84753418
-1.53224587 51.21252441 347.20483398
-2.30163169 51.14630890 347.84228516
-1.17185330 50.67535019 347.17358398
-1.94322288 50.61005783 347.81182861
-1.14761555 50.12099457 347.16830444
-1.92002308 50.05657196 347.80661011
-1.12340832 49.56655884 347.16302490
-1.89587724 49.50312042 347.80145264
-0.76287740 49.02696228 347.13183594
-1.87258589 48.94944763 347.79626465
-1.07590938 48.45732498 347.15277100
-1.84837890 48.39570618 347.79110718
-1.95036757 48.36314774 348.37713623
-0.89790201 47.82154465 347.10449219
-1.92979622 47.70660400 347.74734497
-2.03276134 47.67383194 348.33306885
-1.23961282 47.07711411 347.06506348
-2.01122880 47.01782227 347.70339966
-2.11416340 46.98494339 348.28894043
-1.98798311 46.46412659 347.69830322
-0.96920896 46.04144669 347.06103516
-1.96376097 45.91038132 347.69317627
-1.16592288 45.41299438 347.04959106
-1.09328425 44.75513840 347.00241089
-1.97634673 43.46055984 347.00891113
-1.30451381 43.21623230 346.46972656
-1.95212460 42.90680313 347.00393677
-1.36237574 41.34373474 346.98004150
-1.18430650 40.70518112 346.93075562
-1.16003788 40.14983749 346.92581177
-1.13579977 39.59439468 346.92102051
-0.33563799 39.08441162 346.27490234
-1.11154628 39.03882599 346.91622925
-0.75073665 38.48844147 346.88458252
-0.72645241 37.93219376 346.87979126
-0.70216805 37.37573624 346.87509155
-1.00670326 36.65980148 346.83798218
-0.21204880 36.29998016 346.25137329
-0.18678766 35.74284744 346.24670410
-0.63375616 34.97595596 346.79318237
-0.45455647 34.33337402 346.74291992
-0.76791275 33.77516937 346.76577759
0.37529549 33.25461960 346.09091187
-0.40491912 33.21897888 346.73364258
0.39962628 32.69626236 346.08624268
-0.38057342 32.66162491 346.72906494
-0.35622767 32.10416794 346.72448730
0.78908813 31.57836723 346.04891968
0.34454587 31.54467201 346.66488647
0.81447214 31.01922989 346.04434204
0.03018214 30.98744583 346.68798828
-0.38909206 30.30286026 346.66961670
-0.02701241 29.74254417 346.63735962
1.12258661 29.30335617 346.59115601
0.36151960 28.62231636 346.60058594
-0.39864820 27.94389915 346.61013794
1.11538386 26.93476677 346.53128052
0.69201946 26.25276947 346.51275635
0.71740365 25.69313240 346.50836182
1.30714095 25.18658257 346.48287964
1.10717404 24.56604385 346.47137451
1.13257384 24.00560570 346.46704102
0.34183988 23.98625374 347.10995483
1.49792194 23.43658257 346.43444824
1.86433864 22.86640167 346.40158081
1.66434109 22.24655533 346.39013672
0.72602504 22.12729073 347.00274658
0.90451032 21.47660255 346.95101929
0.95437914 20.35540199 346.94235229
0.97884828 19.79473305 346.93811035
0.18679890 19.78287888 347.57940674
1.68639076 19.20928001 346.87728882
0.55130917 19.21080399 347.54766846
1.71185207 18.64734650 346.87310791
0.91586560 18.63753128 347.51593018
1.73536038 18.08524323 346.86898804
0.60018617 18.08986855 347.53915405
2.55611777 17.61974335 346.85180664
0.96568900 17.51543045 347.50726318
2.69814515 16.98698616 346.81137085
1.67250097 16.92542076 347.44772339
2.49605632 16.36869240 346.79931641
1.35479224 16.37799263 347.47125244
2.52060294 15.80531788 346.79528809
1.42127895 15.72886562 347.42819214
2.57074857 14.67811489 346.78701782
2.45690560 14.64245033 347.37500000
2.02914119 13.97327328 347.35427856
1.12172270 13.84951687 347.95147705
1.94550884 13.28783607 347.30538940
1.14513946 13.28771591 347.94729614
1.62670052 12.74315643 347.32952881
1.16963947 12.72584820 347.94302368
3.35836053 12.38535309 346.71322632
2.56440997 12.19472027 347.27706909
1.19409370 12.16387939 347.93881226
2.36225891 11.57943439 347.26455688
1.21758687 11.60188293 347.93463135
3.30304813 11.04779243 346.02661133
3.18920541 11.01181316 346.61532593
2.38683605 11.01566410 347.26043701
1.24202597 11.03971100 347.93051147
3.67386484 10.46254921 345.99288940
3.21486592 10.44697475 346.61123657
2.41136718 10.45189571 347.25628662
3.69952583 9.89710808 345.98886108
3.23935199 9.88200474 346.60711670
2.43591380 9.88802433 347.25219727
1.63136089 9.89427185 347.89462280
3.72404265 9.33158016 345.98486328
3.26397538 9.31704330 346.60308838
2.46046042 9.32413197 347.24816895
1.28333402 9.18519974 347.84863281
3.74967313 8.76598167 345.98086548
1.12156272 8.55007744 347.82348633
3.77428150 8.20027256 345.97695923
3.31410718 8.18682957 346.59509277
1.14610863 7.98802948 347.81933594
4.14525223 7.61145544 345.94323730
3.42265821 7.44608688 346.51080322
2.69014788 7.53656054 347.18679810
1.51199687 7.40265799 347.78723145
3.48926806 6.79290628 346.46664429
2.33925200 6.82822800 347.14111328
1.87895381 6.81621599 347.75518799
1.41665697 6.80437231 348.36785889
2.94447279 6.16611767 346.46713257
2.25453544 6.14522266 347.09112549
2.13667870 6.10938644 347.67684937
1.33187890 6.12246084 348.31756592
3.46796799 4.89185810 335.26409912
2.77354312 4.73186398 335.84896851
2.59498572 4.86600399 336.51928711
2.89612627 4.94885302 337.12704468
2.50273299 4.90757942 337.73660278
1.97858322 4.72675896 338.29345703
1.40513325 4.64952564 338.89776611
1.85514116 4.82117891 339.53338623
1.52999842 4.67527676 340.08789063
1.19590783 4.65552521 340.69604492
0.75277722 4.64353657 341.31542969
2.78684211 4.68021727 345.36587524
-2.42919636 4.24518585 353.10058594
-2.60056782 4.18901253 354.84121704
-2.95661759 4.10903692 355.40274048
-3.19703102 3.95678496 355.92919922
-3.12161613 4.16007853 356.59976196
-3.25777102 4.12664080 357.17355347
-3.68246174 4.02939129 358.30938721
2.58729029 3.96178126 345.90310669
2.47050190 3.92575836 346.48916626
2.56918859 4.12674427 347.16668701
1.85242689 4.01613092 348.34335327
1.19668686 3.71761584 348.83810425
1.63490105 3.89289665 349.48785400
1.05914271 3.76536131 350.05081177
0.93425101 3.73024035 350.63342285
1.02382731 3.93264675 351.30984497
0.78965676 3.77894688 351.84500122
2.38580036 3.24369645 346.43939209
0.68319219 3.18125200 352.42205811
-0.13209558 3.20132732 353.04928589
4.52199459 2.94603753 337.45773315
1.48652875 2.66323519 347.66268921
-0.32520780 2.40314150 352.94912720
5.43360710 2.85871220 336.99752808
3.54560184 2.16640544 338.03277588
3.44187617 2.12859106 338.62109375
3.66949606 2.51892567 339.97335815
3.45348525 2.36504912 340.51773071
3.11259890 2.47210717 341.18447876
2.10028243 2.28009987 344.73596191
1.98450100 2.24390912 345.32110596
1.74974883 2.17190313 346.49060059
-1.30771971 1.77354860 358.24072266
4.12705326 2.42252421 340.14395142
-1.70140219 45.50649261 347.62124634
-1.37026310 43.58772278 347.12118530
-1.47199190 43.52481842 348.13238525
-1.48556376 43.33099365 346.51016235
-1.56488907 43.01039886 347.35626221
-1.44363618 42.96556091 348.10800171
-1.53648746 42.45054626 347.33187866
-1.41523468 42.40620804 348.08364868
-1.05917621 41.92283249 346.78543091
-1.38681793 41.84675598 348.05920410
-1.25442803 41.34616852 347.02136230
-1.00078523 40.80063629 346.73513794
-0.88082927 40.75751495 347.48989868
-1.19667804 40.22471619 346.97192383
-0.85166442 40.19672775 347.46481323
-1.16810811 39.66386795 346.94760132
-0.92546707 39.49924850 347.48712158
-1.11023569 38.54171371 346.89822388
-0.76592374 38.51346970 347.39175415
-0.38887677 37.84114838 346.89065552
-0.60190994 37.44321823 346.32492065
-0.46160504 36.23528671 346.13137817
-0.30224994 36.15424347 346.81689453
-0.37634251 35.45649719 346.83889771
-0.34691757 34.89407730 346.81387329
-0.21080059 34.37882614 345.76873779
-0.09217346 34.34082413 346.52676392
-0.06271774 33.77762222 346.50177002
-0.03394852 33.21436310 346.47747803
-0.22987360 32.64343643 346.71450806
-0.20099765 32.08047104 346.69030762
-0.22385037 31.45078087 346.68902588
0.33865142 30.40205574 346.09115601
0.50137055 29.54237366 346.65557861
0.40823090 29.10668755 346.84774780
0.55979449 28.41412544 346.60632324
0.35647684 27.93368912 346.90167236
0.39192060 27.28278542 346.82000732
0.64732409 26.72092628 346.53289795
0.98739523 26.69145203 347.03060913
0.67699391 26.15633011 346.50793457
1.47256076 26.12989998 346.47802734
0.70603842 25.59167099 346.48382568
1.04530096 25.56204987 346.98208618
0.73508286 25.02682686 346.45962524
0.96896464 24.86615181 347.00354004
0.77106905 24.30150604 347.24197388
2.68049979 24.31381798 348.66891479
0.67780674 23.86836052 347.43560791
2.70872068 23.74811554 348.64526367
0.89082205 23.10716629 347.08392334
2.73691130 23.18241692 348.62158203
0.98087496 22.47661400 346.95080566
2.53527713 22.61832047 348.86062622
1.00990415 21.91176605 346.92666626
1.03897917 21.34680557 346.90246582
2.83897305 21.22151566 348.37747192
1.06808484 20.78175545 346.87826538
2.53288984 20.68515778 347.85198975
2.86720967 20.65530586 348.35382080
0.99127477 20.08765793 346.89938354
2.56190443 20.11900520 347.82766724
2.89611721 20.08906174 348.32946777
3.43110895 20.00789070 350.36111450
0.68772131 19.39855576 347.18368530
2.92442989 19.52266502 348.30581665
2.95271230 18.95626450 348.28219604
1.30838335 18.23398590 347.37130737
1.74895418 18.33234978 347.82681274
2.97717643 18.23684692 349.06774902
1.56522441 17.66259003 347.08349609
1.67159450 17.63886070 347.84738159
2.66835809 17.54882622 349.35113525
1.59426904 17.09695053 347.05929565
1.70065439 17.07370949 347.82324219
1.62340558 16.53119087 347.03506470
1.72904301 16.50840187 347.79977417
1.42404318 15.97312832 347.27545166
1.53047335 15.95095444 348.03811646
1.45320988 15.40777588 347.25134277
1.41235387 15.30429554 348.13156128
2.73104477 14.77614021 346.67117310
1.71306467 13.49126339 347.74664307
1.68899059 12.86277485 347.74429321
1.48993170 12.30876160 347.98385620
1.97403967 11.72012424 347.43377686
2.00317621 11.15407372 347.40966797
2.03168750 10.58786964 347.38616943
1.57107651 10.47154140 348.72052002
2.28966069 10.00823593 347.09747314
2.31818724 9.44135284 347.07406616
2.17887092 8.81951809 347.20455933
1.54942346 8.65383148 348.69369507
1.70383775 8.08934975 347.64309692
1.80567300 8.07422066 348.40744019
1.73227239 7.52376652 347.61965942
1.83401585 7.50918770 348.38403320
2.28998637 7.00823689 347.03775024
1.86243498 6.94408131 348.36059570
2.62347746 6.41890574 346.66107178
1.55565488 6.27265739 348.64309692
0.71540838 5.49216318 341.77127075
-3.61010432 3.96452951 358.26473999
-8.74500179 101.81889343 353.13494873
-1.71098411 44.41149139 348.21319580
-1.65118098 43.60674286 347.21997070
-1.63539970 43.04161835 347.17797852
-0.98474950 43.09435272 347.68411255
-1.65676177 42.33541489 347.24295044
-1.03800988 42.30131149 347.70108032
-1.05960143 41.59616852 347.76510620
-1.05042017 40.48420334 347.33175659
-1.01227307 39.90223694 347.64010620
-0.99640030 39.33740616 347.59805298
-1.00740087 38.90196228 346.66961670
-0.98701954 38.22245407 347.16452026
-0.99334341 37.67121887 346.77291870
-0.33178517 37.61185455 347.93435669
-0.99974340 37.11894226 346.38024902
-0.96135259 36.53848648 346.68869019
-0.32154912 36.49559784 347.50274658
-0.96773684 35.98492050 346.29592896
-0.39343712 35.76705170 347.01989746
0.19044116 35.65016556 347.43829346
0.82407987 35.77243042 347.44799805
-0.41059047 35.11285782 346.93164063
0.20631447 35.08438492 347.39715576
0.80091655 35.06808853 347.51309204
-0.37258211 34.53488541 347.24023438
0.22223338 34.51856232 347.35513306
0.81675911 34.50227356 347.47100830
-0.37867576 33.98005676 346.84841919
0.23819831 33.95258713 347.31399536
0.83264774 33.93628693 347.42990112
-0.36268029 33.41344452 346.80627441
0.25416306 33.38656998 347.27191162
-0.34660852 32.84682465 346.76412964
0.27018908 32.82038116 347.23080444
-0.33049092 32.28011322 346.72204590
0.28621495 32.25417328 347.18872070
-0.31438836 31.71323967 346.68084717
0.30228683 31.68778229 347.14761353
0.31835875 31.12130547 347.10647583
0.24822965 30.58645821 345.65762329
0.30765429 30.00292206 346.32028198
0.28492674 29.24941254 346.65588379
0.30333480 28.58369446 347.15264893
0.31939131 28.01717949 347.11050415
0.91298705 28.00029564 347.22940063
0.33558533 27.45060539 347.06939697
0.30829248 26.89283562 346.32501221
0.94523782 26.86693954 347.14718628
0.32660830 26.23018074 346.82397461
0.92073059 26.16578102 347.21246338
1.03577924 25.16062355 347.72317505
0.99684590 24.50852203 347.28671265
0.94459158 23.76505852 347.15338135
2.12897682 23.73077774 347.39706421
0.93940228 23.19920731 346.76187134
2.14506435 23.16384506 347.35693359
0.97701031 22.63131142 347.07107544
2.16115165 22.59696579 347.31576538
0.99314326 22.06439781 347.02893066
2.17730021 22.02989006 347.27462769
0.98939246 21.36570358 347.44479370
1.56006813 21.21703339 348.02270508
0.96424335 20.66732979 347.51028442
2.77574396 20.61807251 348.57894897
0.98045224 20.10112000 347.46817017
1.59239447 20.08557701 347.94055176
2.79175448 20.05282402 348.53894043
0.38334623 19.54970360 346.95562744
0.99670726 19.53474045 347.42706299
1.60855794 19.51973915 347.90045166
2.19856906 19.50239563 348.02435303
2.80787206 19.48748970 348.49887085
1.01299286 18.96827126 347.38589478
1.62479746 18.95375824 347.85943604
2.21470213 18.93641090 347.98327637
2.82391286 18.92210388 348.45782471
1.02926302 18.40169144 347.34478760
1.64099133 18.38778305 347.81832886
2.83998466 18.35656548 348.41778564
1.04557920 17.83502007 347.30364990
1.65720046 17.82170868 347.77725220
2.83653688 17.78686142 348.02896118
1.04037666 17.26378059 346.91183472
1.67350137 17.25547028 347.73709106
2.85262394 17.22068214 347.98788452
1.03612006 16.57146645 347.32809448
1.64742517 16.51933861 348.06976318
1.03192353 15.88077641 347.74249268
1.62153816 15.86316299 347.86737061
1.63777769 15.29718971 347.82626343
1.04294610 14.74189758 347.31045532
1.71005642 14.82649708 348.18011475
1.03763819 14.16773701 346.92047119
1.69130135 14.17235374 348.09396362
1.70761716 13.60667801 348.05285645
1.72390246 13.04100227 348.01181030
1.76103306 12.48410130 348.31970215
1.73477530 11.81267834 348.22451782
1.68712413 11.08783054 348.10229492
1.70348573 10.52225590 348.06124878
1.71974063 9.95652008 348.02114868
1.75711417 9.40264893 348.32824707
1.77349102 8.83731174 348.28814697
1.74767661 8.24609280 347.54965210
1.74273694 7.66602802 347.15927124
1.74688554 6.94538879 348.15087891
1.75200403 6.32442045 348.33697510
-3.82810950 4.82301855 358.80526733
-3.17667103 5.04495335 358.73074341
-0.34285453 4.92832899 359.30664063
0.30198917 5.07339525 359.70938110
0.86955541 5.05581808 359.83746338
1.31074774 4.76579428 359.50857544
-0.94699228 4.28969097 358.95812988
-3.74721432 2.73755741 358.22091675
-3.17678022 2.71935058 358.34295654
-1.46758342 2.66518736 358.71517944
-0.33010134 2.62966752 358.96841431
0.23851797 2.61165905 359.09652710
0.82782245 2.61200190 359.55215454
1.45827866 2.73136377 359.91241455
-7.91126585 104.53948975 354.57913208
-8.18664932 103.49362946 354.26068115
-8.45756149 103.00618744 353.98464966
-7.97499943 102.46000671 353.57415771
-8.51037216 102.04250336 353.06500244
-8.78180218 101.55113983 352.78775024
-7.49766874 101.35343933 353.12057495
-7.76784849 100.86206055 352.84344482
-7.98160028 100.20841217 352.65444946
-7.93507099 98.92350006 352.65579224
-7.02900076 99.12285614 352.58157349
-7.94086742 98.36196136 352.61172485
-7.18662977 98.30658722 352.47970581
-7.45667124 97.81251526 352.20220947
-7.19665098 97.18395996 352.39288330
-7.20237064 96.62264252 352.34875488
-8.15118790 97.28974915 350.62988281
-7.24567080 96.20356750 351.47250366
-7.12462187 95.51168060 351.56726074
-6.00042963 95.59724426 350.93957520
-6.38603401 94.70233917 351.43750000
-7.52592850 94.57884979 351.10644531
-6.39099073 94.14015961 351.39398193
-6.66043520 93.64102173 351.11557007
-5.40915346 93.59796143 350.62942505
-6.66539145 93.07817078 351.07199097
-5.41410971 93.03530121 350.58587646
-6.40583038 92.45297241 351.26333618
-6.41072559 91.89040375 351.21969604
-5.91720676 91.90014648 350.85906982
-6.68012333 91.38877869 350.94107056
-5.92208719 91.33730316 350.81542969
-6.95026827 90.88602448 350.66165161
-5.66290808 90.71398163 351.00726318
-6.46557808 89.76740265 350.21258545
-6.14957476 88.98495483 350.49679565
-5.07172394 88.71760559 350.70031738
-6.62803698 88.37875366 350.07351685
-5.07655859 88.15503693 350.65661621
-5.34526873 87.65007019 350.37707520
-4.82227612 86.97295380 350.80514526
-5.35414362 86.52350616 350.29022217
-5.56616592 85.85771942 350.10437012
-4.64996910 85.82526398 350.10910034
-5.25152254 85.08097839 350.38891602
-4.49312019 85.03363800 350.26751709
-4.76018095 84.52527618 349.98883057
-4.76570225 83.96195984 349.94439697
-4.76975775 83.39836121 349.90127563
-4.51137447 82.78187561 350.09301758
-4.78233767 81.70712280 349.77087402
-4.02309656 81.66211700 349.65161133
-3.31523013 81.83700562 347.88070679
-4.73170662 80.98689270 349.82104492
-3.97254157 80.94239044 349.70184326
-3.31922412 81.27161407 347.83740234
-3.92206335 80.22301483 349.75216675
-3.92598176 79.65961456 349.70895386
-3.93058729 79.09626770 349.66500854
-3.22151136 79.26187897 347.89794922
-3.93455172 78.53279114 349.62176514
-2.70058346 78.59843445 348.33056641
-3.67699409 77.92101288 349.81332397
-2.70454741 78.03404999 348.28723145
-2.71230769 76.90485382 348.20056152
-3.50274849 76.07439423 349.11981201
-2.46974564 76.10264587 348.44235229
-3.34865475 75.41038513 349.24148560
-2.35004210 75.41998291 348.54205322
-3.35248184 74.84649658 349.19818115
-3.35707188 74.28266144 349.15411377
-2.59606171 74.24272156 349.04052734
-2.09657192 74.24723816 348.69204712
-3.36086798 73.71868134 349.11071777
-2.59985805 73.67913055 348.99716187
-3.10257959 73.11085510 349.30319214
-2.28886724 72.91873932 349.28515625
-3.00676394 71.11436462 349.36370850
-2.24705148 71.07692719 349.25021362
-3.01123190 70.55081177 349.31958008
-2.25083303 70.51374817 349.20678711
-3.01499796 69.98712921 349.27612305
-2.25456858 69.95045471 349.16339111
-3.51828408 69.41932678 349.58129883
-3.01943541 69.42330170 349.23199463
-2.25897574 69.38722992 349.11929321
-3.78541517 68.89509583 349.30163574
-3.02307916 68.85942078 349.18847656
-2.26269603 68.82375336 349.07583618
-3.78908944 68.33063507 349.25805664
-3.02747059 68.29550934 349.14425659
-2.26635504 68.26016998 349.03231812
-3.29787874 67.20512390 348.82043457
-2.53482556 67.17050934 348.70944214
-3.24766040 66.48925781 348.87411499
-2.29411435 66.38043976 348.95114136
-2.93626070 65.73736572 349.16232300
-2.17525268 65.70402527 349.05059814
-2.44026136 65.17626190 348.77139282
-3.20685101 64.64460754 348.83853149
-2.18319678 64.57662201 348.96282959
-3.21043324 64.07961273 348.79486084
-2.18679476 64.01273346 348.91921997
-3.21471786 63.51469803 348.75048828
-2.19103408 63.44871902 348.87487793
-3.21901751 62.94968414 348.70608521
-2.19460130 62.88464355 348.83123779
-3.22322559 62.38455963 348.66162109
-2.25004911 62.23210907 348.77410889
-2.85814953 61.48866653 349.04922485
-1.71467650 47.86666107 348.55020142
-0.95464563 47.28291321 348.40185547
-1.88759005 45.33873367 348.33789063
-1.17389941 45.46378708 348.13418579
-0.86659896 44.73986816 348.42428589
-1.13120353 44.19149017 348.14450073
-1.65640163 43.65740967 347.62963867
-1.92170715 43.10607529 347.34902954
-0.37293983 43.04548645 347.95504761
-1.66335213 42.52446747 347.54037476
-0.63705540 42.49512482 347.67471313
-1.66719365 41.95787430 347.49542236
-1.16459846 41.39066696 347.11450195
-0.71069217 40.69071579 347.52844238
-0.54974049 39.95176315 347.69931030
-0.55288035 39.38621902 347.65512085
-0.55669171 38.82061386 347.61016846
-0.55980092 38.25477600 347.56591797
-0.82333446 37.69897079 347.28607178
0.46216342 37.66810989 347.65927124
-1.08766127 37.14191055 347.00543213
-0.83013242 36.56584549 347.19662476
-0.06337780 36.55599976 347.09933472
-1.09447408 36.00758743 346.91589355
0.00837220 35.78220749 347.20849609
0.02948344 35.14719772 347.21469116
-0.23320973 34.58825302 346.93511963
0.02334141 34.01520157 347.12609863
0.01960653 33.44912338 347.08108521
0.01657373 32.88288116 347.03671265
0.01361727 32.31653595 346.99234009
0.01064558 31.75010109 346.94790649
0.05698426 31.04719925 347.00653076
1.13237154 30.90205765 347.25125122
0.36318004 30.34149170 347.30038452
1.12933838 30.33691978 347.20697021
0.35947546 29.77590561 347.25534058
0.09655523 29.21206284 346.97567749
0.09289674 28.64567375 346.93054199
0.60969901 28.07713318 347.35696411
0.34694695 27.51210976 347.07702637
0.34403619 26.94597626 347.03256226
1.62876129 26.94462776 347.41159058
0.22415000 26.27191544 346.92956543
1.34571683 26.20037079 347.19110107
0.69533134 25.54666138 347.38555908
0.69240510 24.98122597 347.34115601
0.68883777 24.41574860 347.29602051
0.42651448 23.84706497 347.01681519
0.68301588 23.28438377 347.20715332
2.69107342 22.94905090 348.40347290
1.29402173 22.46216011 347.83831787
1.02942848 21.32788467 347.51544189
1.28463137 20.76870155 347.70452881
1.53987956 20.21051216 347.89364624
1.27618718 19.07470512 347.57113647
1.29670179 18.44454384 347.57830811
1.62369144 17.69309807 347.92355347
1.62088668 17.12906456 347.87915039
2.89809442 17.15465546 348.25631714
1.35974061 16.55508041 347.60125732
2.38264990 16.57257462 347.74667358
1.35690570 15.99035072 347.55682373
2.38047099 16.00888634 347.70303345
1.35408592 15.42551708 347.51232910
2.63469481 15.45602131 347.89208984
0.83395875 14.83784103 346.99990845
1.34852278 14.29565620 347.42337036
2.37269735 14.31743431 347.57064819
1.65115392 13.61485195 347.71694946
2.41689634 13.62517738 347.63073730
1.69541383 12.92230034 347.77694702
2.46034718 12.93336678 347.69021606
1.69260907 12.35816574 347.73254395
2.45819855 12.36967754 347.64654541
0.87681580 11.90964603 347.67129517
1.68980455 11.79383659 347.68807983
2.45534801 11.80594540 347.60220337
3.42694855 11.92940617 346.86401367
3.98191881 11.79952145 346.65234375
0.92115200 11.21699619 347.73123169
1.68703043 11.22950554 347.64361572
3.47065878 11.23782063 346.92462158
3.97963285 11.23582935 346.60882568
0.91840857 10.65207005 347.68667603
1.68497360 10.66502571 347.59988403
3.21113181 10.65864658 346.64611816
0.91571105 10.08694077 347.64212036
1.68218422 10.10059834 347.55538940
3.20892239 10.09426022 346.60250854
0.91301352 9.52187920 347.59753418
1.93790185 9.55239391 347.74465942
3.20671320 9.52970123 346.55889893
1.21532166 8.84748077 347.89047241
2.16842675 8.83140659 347.99456787
3.20450401 8.96513367 346.51522827
1.51689672 8.17456627 348.18286133
2.28225589 8.18977451 348.09735107
2.94569564 8.38297558 346.23724365
1.77178907 7.62884712 348.37036133
1.76979291 7.06546831 348.32653809
3.03685117 7.04023266 347.14376831
1.95784366 6.41366768 348.50454712
3.03468728 6.47634697 347.10015869
3.51532650 5.09747362 350.76635742
-1.42286754 4.03439665 358.86422729
1.40497601 3.93226695 359.91369629
-1.42682159 3.48258519 358.81759644
-3.23260427 79.65476227 349.39276123
-4.31158495 79.21234894 349.40438843
-3.62133861 78.56730652 349.34664917
-3.06806517 77.65836334 349.36129761
-2.73478103 77.05672455 349.31750488
-2.75261331 76.49374390 349.28759766
-3.12253785 75.96783447 349.27154541
-2.78823209 75.36747742 349.22766113
-2.69648981 74.65274048 349.22756958
-2.60476303 73.93827820 349.22744751
-3.23716879 72.26539612 350.34582520
-2.80924082 71.11368561 349.67370605
-2.82708812 70.55019379 349.64355469
-2.84495068 69.98664093 349.61340332
-2.86374426 69.42300415 349.58319092
-3.23387957 68.88966370 349.56765747
-2.41497827 68.83680725 348.94277954
-3.60503697 68.35517883 349.55200195
-2.56578350 68.00544739 348.98876953
-1.74782836 67.95392609 348.36596680
-2.93495750 67.47082520 348.97283936
-1.76563036 67.39125824 348.33584595
-2.95382690 66.90657043 348.94262695
-1.78346276 66.82847595 348.30566406
-2.62030220 66.31418610 348.89807129
-2.50295568 66.32160187 348.30264282
-2.16944647 65.73017120 348.25878906
-2.07761359 65.01895905 348.26049805
-2.02245259 63.18123245 348.20190430
-2.04028463 62.61776352 348.17160034
-2.05813193 62.05410385 348.14129639
-2.07594872 61.49033737 348.11093140
-0.36459967 49.85897827 347.67852783
-0.85348094 49.30316925 348.25274658
-0.38339368 49.29665375 347.64794922
-0.87129813 48.74022675 348.22204590
-0.40121096 48.73410416 347.61727905
-0.89010715 48.17720032 348.19134521
-0.41901305 48.17155838 347.58663940
-0.90891612 47.61407852 348.16058350
-0.43684563 47.60891342 347.55593872
-1.74662805 47.06501770 348.75131226
-0.92674845 47.05073929 348.12982178
-0.45565471 47.04618835 347.52520752
-1.76548231 46.50070953 348.72045898
-0.94557256 46.48741531 348.09902954
-0.47347197 46.48334503 347.49444580
-1.43556619 45.92757797 348.67434692
-0.96342015 45.92397308 348.06817627
-0.38139787 45.78100586 347.49905396
-1.45811033 45.09776688 348.13781738
0.05648629 45.07118607 347.48962402
-0.30813304 44.51634979 347.47308350
-1.14697266 43.96230698 348.06134033
0.01990531 43.94670868 347.42819214
-0.81795770 43.39219284 348.01565552
-0.83580518 42.82865143 347.98477173
1.69091403 16.10046768 348.06027222
1.78037393 15.41316795 348.06835938
1.41811466 14.83148289 348.05313110
1.62430441 14.17794132 348.04724121
2.28406978 13.50093174 348.03784180
2.26530552 12.94033718 348.00646973
3.08273792 12.98778152 347.39471436
1.48926508 12.41756153 347.98074341
3.06499553 12.42815971 347.36340332
3.20238137 12.43162632 346.78454590
3.33975220 12.43507481 346.20608521
1.88622069 11.79590607 347.95993042
3.18463898 11.87200165 346.75332642
3.32200980 11.87554646 346.17492676
2.21000481 11.25823307 347.91229248
3.16686654 11.31237793 346.72207642
3.97507715 11.16593361 346.18338013
2.19224763 10.69741631 347.88085938
3.84175110 10.53350830 346.18005371
1.35390210 10.08383560 348.46340942
2.17444491 10.13650036 347.84942627
1.33509254 9.52179813 348.43182373
2.60559678 9.47790337 347.84237671
2.88036823 9.48473740 346.68426514
3.36036301 9.51357460 346.09133911
1.76723599 8.86277676 348.42401123
2.69514680 8.79492664 347.85159302
3.31054306 8.82758617 346.67892456
3.44992828 8.83108997 346.10131836
2.67642808 8.23481464 347.82022095
3.43217063 8.27157307 346.07022095
1.65255129 7.69006014 348.38015747
2.65865541 7.67460775 347.78881836
2.93438888 7.68145990 346.63162231
1.82017398 7.05609846 348.37026978
2.91664672 7.12126780 346.60034180
1.68288457 6.38055611 348.38195801
3.07218528 6.46054316 347.75085449
3.23312759 6.43185616 346.60989380
1.23279238 4.16590548 360.03186035
1.57828641 4.31494427 359.38284302
1.49688280 4.37612820 358.78845215
2.15051270 4.34733629 358.19137573
2.82027340 4.14092875 357.66046143
1.94606197 4.43957853 357.01498413
2.55807996 4.38187265 356.43475342
2.97138882 4.38312531 355.84237671
2.90645552 4.32627678 355.29156494
3.14832783 4.58304071 354.61544800
0.71265078 4.64160919 351.79232788
1.18566906 4.67395878 351.18994141
1.65970981 4.70644140 350.58905029
1.90041959 4.58870506 350.04901123
1.92639410 4.71245670 349.42797852
4.78790283 4.68488121 348.23303223
2.96804404 4.98732376 344.13821411
6.48727560 4.89363956 343.57931519
6.23563528 5.11448717 342.36520386
6.59284019 4.87720394 341.88009644
7.19851589 4.99108410 340.13796997
8.17722607 4.96421909 338.45559692
8.54710865 5.01225901 337.31301880
1.74828267 4.02502775 350.59771729
1.88167059 4.02793455 350.01724243
3.74213743 4.36511230 344.12396240
4.04485416 4.47022581 343.51254272
1.86188412 3.46713114 349.98547363
0.98752111 2.40588832 355.93057251
1.11181486 2.40762758 355.34790039
-0.29378945 2.28157806 358.10391235
0.41076970 2.31830812 356.32434082
0.65838015 2.32225633 355.15716553
1.29496944 2.33401203 352.24505615
-0.17640002 48.21488571 348.54751587
3.62589550 11.81606007 346.73703003
3.21444201 11.27477741 347.12319946
2.63739729 10.77592373 347.65753174
4.09854984 10.48071098 345.47662354
2.65304971 10.06205845 347.69073486
2.80775499 9.42139816 347.54174805
3.39818311 9.54581261 346.04141235
2.78733015 8.86367512 347.52987671
3.48318553 8.87179184 345.98406982
2.54020452 8.27276421 347.76937866
2.74522948 7.74785233 347.50772095
2.88622046 7.81176949 346.50424194
2.49804330 7.15583324 347.74716187
3.15741277 7.12040663 346.26544189
2.33684325 6.53120041 348.74319458
2.58473992 6.47947359 347.68865967
3.28257489 6.49714613 346.14053345
5.80552769 5.34247923 346.78933716
3.02038789 4.86329985 354.62802124
-9.15520000 103.74800110 350.82699585
-9.12543011 103.08999634 351.06500244
-4.43036985 78.19689941 348.38900757
-4.41814995 77.43810272 347.60800171
-1.57179999 55.63869858 347.02200317
-1.50265002 54.81320190 346.81100464
-0.97088802 53.15599823 346.27700806
-1.23652005 51.20190048 346.92999268
0.86983597 28.65810013 346.44299316
1.49941003 26.20789909 346.37600708
0.83666700 26.43840027 346.46398926
2.00943995 24.68429947 346.62899780
1.43441999 24.63820076 346.24301147
2.04342008 24.00609970 346.52700806
1.44868004 24.00779915 346.06500244
2.03494000 23.45100021 346.53298950
1.44026005 23.45319939 346.07000732
2.02643991 22.89590073 346.53799438
1.43181002 22.89850044 346.07598877
2.01791000 22.34059906 346.54400635
1.42333996 22.34379959 346.08099365
2.00935006 21.78529930 346.54901123
1.41483998 21.78899956 346.08599854
2.00078011 21.22990036 346.55499268
1.42363000 21.21229935 346.42498779
1.99217999 20.67440033 346.55999756
1.42075002 20.60560036 345.91400146
2.56095004 20.13640022 346.69500732
2.02674007 19.99749947 346.45800781
1.45267999 19.95479965 346.07000732
1.48480999 19.30330086 346.22500610
2.00223994 18.95949936 347.24700928
2.03945994 18.25799942 346.88500977
2.03564000 17.65480042 346.37298584
2.02698994 17.09919930 346.37799072
2.05482006 16.49119949 347.05300903
2.04612994 15.93449974 347.05899048
2.03743005 15.37759972 347.06399536
2.04699993 14.79300022 347.40499878
2.59729004 14.28160000 347.20599365
2.05679011 14.20709991 347.74798584
2.09254003 13.53009987 347.64401245
2.07242990 12.94180012 346.53399658
3.81368995 12.40960026 347.26699829
2.11959004 12.29559994 347.54598999
2.11085010 11.73770046 347.55200195
2.10208988 11.17969990 347.55801392
2.09331989 10.62170029 347.56298828
3.24000001 10.09949970 347.83300781
2.10321999 10.03139973 347.90499878
3.23104000 9.54125977 347.83898926
2.07562995 9.50539017 347.57400513
3.22205997 8.98295021 347.84500122
2.04815006 8.98021984 347.24301147
3.21306992 8.42457008 347.85000610
2.62639999 7.84817982 347.72399902
3.18545008 7.24847984 345.97100830
2.70146990 7.10390997 348.29400635
8.16742039 6.49671984 336.51998901
7.09361982 6.39167023 336.89599609
4.81162024 6.43070984 336.48098755
8.18774033 5.96581984 337.57101440
8.80659008 5.29776001 337.91598511
5.39601994 5.25719023 336.52099609
5.93738985 4.19530010 336.66101074
3.75011992 3.97483993 335.30398560
3.06080008 4.30299997 335.71200562
7.04775000 3.69165993 336.92498779
6.48788023 3.67336988 336.79598999
4.81028986 3.61931992 336.40399170
4.16513014 3.82346010 336.47100830
7.11489010 2.39135003 336.73599243
