-18.67019653 27.27895737 348.18298340
-19.36050034 26.55116081 348.21041870
-17.85942841 25.63188744 348.93853760
-19.10875702 25.46394348 348.44738770
-17.57964134 24.62211227 349.24465942
-17.67634964 23.99949455 349.11383057
-18.72276688 23.92959023 348.86285400
-16.83278275 23.55194855 349.18487549
-18.83955574 23.29297638 348.70446777
-19.06550789 22.76273537 348.49703979
-19.79084969 22.74831581 348.57409668
-16.89430237 22.21703529 349.00128174
-17.62364197 22.20293617 349.08111572
-18.82212830 22.21111679 348.72442627
-19.78242493 22.20842361 348.58370972
-18.08631706 21.68359375 348.65631104
-18.81385612 21.67012405 348.73416138
-19.54008293 21.65677452 348.81076050
-17.34953117 21.15507698 348.58712769
-18.07728386 21.14202499 348.66677856
-18.80540276 21.12913322 348.74377441
-19.53169060 21.11628342 348.82040405
-17.34043503 20.61292267 348.59756470
-19.83433151 20.34264374 348.40954590
-17.56809425 20.08364677 348.39050293
-18.29615211 20.07176781 348.46884155
-18.78800392 20.04677200 348.76391602
-19.28089333 20.02194023 349.05715942
-17.59833527 19.41929245 348.29876709
-18.32563019 19.40794563 348.37774658
-18.98694611 19.35132027 348.49368286
-17.86402130 18.76959038 347.99099731
-18.35584068 18.74450302 348.28591919
-19.31647491 18.74812126 348.14675903
-17.36356354 18.25348473 347.70544434
-18.09027863 18.24315453 347.78530884
-18.81668854 18.23291969 347.86337280
-17.01364708 17.77341461 348.07211304
-18.08212852 17.70257187 347.79504395
-17.34564590 17.17114639 347.72640991
-18.30853653 17.17753792 347.58938599
-17.33670425 16.62988663 347.73693848
-18.29944229 16.63726425 347.59979248
-16.85537910 16.05527496 348.17962646
-17.31951904 15.54722691 347.75738525
-16.85766411 14.91017246 347.37017822
-17.73364067 14.88954163 347.30111694
-17.84939384 14.26017761 347.14422607
-17.84127426 13.71998215 347.15399170
-18.30285263 13.21812630 346.73458862
-15.41844559 9.75520802 346.27194214
-16.40126038 5.83052540 342.94735718
-16.84226608 5.38465977 343.35098267
-17.88348961 5.06910515 347.61648560
-16.63550758 4.70709324 343.47216797
-17.81247711 4.76076984 345.47293091
-18.38330460 4.46613598 347.09304810
-16.89814377 4.12535524 341.65826416
-18.26047897 4.35828257 342.02474976
-18.81626320 4.10607052 342.11837769
-13.93221188 3.00488424 333.06808472
-18.24777985 18.17879486 348.05325317
-18.57849693 17.45759201 348.00964355
-18.24740982 16.91810799 347.98843384
-17.83047676 16.36455345 347.39932251
-17.80368233 15.83447266 347.40368652
-17.32629585 15.35828209 346.83944702
-18.14541626 15.23716259 347.40805054
-17.39245605 14.70947456 346.80471802
-18.42385674 14.71961784 347.43859863
-17.36556816 14.17878437 346.80917358
-18.49013901 14.07301331 347.40359497
-17.33965874 13.64785099 346.81365967
-17.76162338 13.63446045 347.39520264
-16.89098740 13.13005924 346.23538208
-17.61812973 13.13059425 346.84497070
-16.86406898 12.59866333 346.24005127
-17.78832436 12.51233101 346.82861328
-18.50478363 12.36833763 347.37728882
-17.63710785 11.86309147 346.22033691
-18.05706024 11.85098267 346.80172729
-16.81121063 11.53543091 346.24942017
-18.03121185 11.32114601 346.80633545
-17.11244774 10.85916996 346.21932983
-18.00435448 10.79125500 346.81085205
-17.25020218 10.25591755 346.20666504
-18.28297806 10.27739334 346.84243774
-17.52968216 9.74141312 346.23886108
-18.25703812 9.74775887 346.84707642
-16.17247200 9.35181904 345.65045166
-17.80919075 9.22781181 346.27105713
-18.27949333 9.12146568 348.48364258
-16.43901062 8.65453339 345.60931396
-17.78233337 8.69761658 346.27587891
-17.94819260 8.57369328 348.46249390
-17.02793884 8.15831852 345.67065430
-17.84876823 8.05251884 346.24057007
-18.12168312 7.99451637 348.45938110
-16.38609123 7.59021378 345.61907959
-17.91413689 7.40774632 346.20507813
-18.57331467 7.34625387 347.88952637
-18.69397926 7.31971312 348.44104004
-16.55216789 7.10376930 345.09667969
-16.66660690 7.07685375 345.65213013
-17.58271408 6.85871553 346.18212891
-18.14972878 6.91232347 347.90863037
-16.59714890 6.37026739 344.46603394
-16.61851120 6.45750189 345.06149292
-17.03952980 6.45001698 345.64501953
-17.86133766 6.34762669 346.21456909
-17.71332550 6.33182430 347.86825562
-16.73326111 5.98737144 342.30944824
-17.14921570 5.97970295 342.89559937
-16.57026291 5.83864975 344.47097778
-16.99030685 5.83148289 345.05508423
-17.41242409 5.82442665 345.63787842
-17.83451271 5.81748009 346.21936035
-18.19031334 5.73750353 347.87686157
-15.89732170 5.36853218 342.77737427
-16.62186813 5.38172007 343.39489746
-16.54236794 5.30700588 344.47586060
-16.96344948 5.30028439 345.05996704
-17.38556671 5.29371929 345.64276123
-17.80863190 5.28723431 346.22409058
-18.16443443 5.20733690 347.88140869
-16.87479591 4.51097584 343.27990723
-17.02979279 4.65560246 345.02441406
-17.45197105 4.64952660 345.60699463
-17.96738243 4.53013754 346.14764404
-17.80664444 4.56908560 347.26620483
-17.83292007 4.65612364 347.85980225
-16.21965981 3.71824908 332.17358398
-16.73128510 3.64801788 332.75604248
-16.73433685 3.72973228 333.34899902
-16.64604759 3.92248034 333.97930908
-17.32695580 3.66446853 335.05416870
-17.04176712 3.80810189 336.20257568
-17.53593636 3.68986487 336.75613403
-18.12455940 3.46077108 337.26989746
-20.96517754 3.35585237 349.05310059
-21.48043442 3.36759138 350.73492432
-21.83748817 3.31899714 351.28140259
-22.09410858 3.26774502 352.36987305
-22.22289276 3.24228883 352.91345215
-22.44414330 3.10404968 353.41421509
-22.48467064 3.19161940 353.99945068
-22.61754417 3.16640210 354.54187012
-22.57072830 3.36758757 355.16958618
-15.74998188 3.33123636 340.59371948
-16.66892433 3.13537645 341.70166016
-16.77939606 3.10784841 342.25671387
-16.67590904 3.18846011 343.39895630
-17.84271622 3.04315138 344.53295898
-17.46463394 2.94454575 345.58090210
-17.58212471 2.91765571 346.13388062
-17.72802734 2.97714424 347.28002930
-18.03839111 3.03647518 347.87805176
-16.60764313 2.43630099 340.51745605
-16.53046417 2.63227439 341.15170288
-16.63999176 2.60466838 341.70693970
-16.75150108 2.57712245 342.26199341
-16.86298180 2.54969716 342.81671143
-16.97650528 2.52233362 343.37112427
-17.09003067 2.49510026 343.92520142
-17.20556831 2.46791101 344.47900391
-17.43869209 2.41386819 345.58584595
-18.46441269 2.55209970 348.48175049
-18.58712387 2.52589440 349.03228760
-16.47034645 1.93380046 339.96752930
-16.57883263 1.90587533 340.52288818
-18.14077568 1.90297163 346.19937134
-18.50167465 1.82320058 347.85293579
-18.62325478 1.79682565 348.40338135
-18.74593544 1.77055025 348.95352173
-14.79338360 1.47863352 333.13684082
-14.89070320 1.44936514 333.69543457
-15.08641148 1.39116693 334.81198120
-18.35418320 1.31994295 347.30676270
-15.66343594 0.90751797 334.89465332
-18.91537094 27.18815231 349.25476074
-18.88171005 26.65365410 349.23666382
-18.60152626 26.05750084 348.87197876
-19.38448143 25.33901405 349.77719116
-19.49257278 24.74480057 349.90209961
-19.12346268 24.27025414 349.49664307
-18.25860405 13.72756672 346.87219238
-18.05932236 13.13868904 346.61938477
-18.02486610 12.59979057 346.60165405
-17.90770912 12.03507519 346.46588135
-18.01781464 11.44306564 346.59454346
-17.98259544 10.90401554 346.57623291
-17.75270462 10.35138035 346.30947876
-17.71812820 9.81168365 346.29187012
-17.43135452 9.25157452 345.05163574
-17.48674202 9.25734901 346.02355957
-17.83335876 9.16093159 347.28488159
-18.46647453 8.96324825 348.82766724
-18.28269768 8.53567696 347.80599976
-18.43272018 8.42669868 348.81091309
-18.53568649 7.89764023 348.07742310
-17.61634827 7.52694035 345.29187012
-18.53190231 7.32193756 348.07351685
-16.41264153 7.44046402 346.45471191
-17.67600822 6.86974525 345.31726074
-18.04554176 6.82869864 347.53237915
-17.64048386 6.32897949 345.29910278
-17.50077248 6.32248068 346.02023315
-17.88144684 6.27892971 347.34973145
-16.90867615 5.81262875 342.63571167
-17.06178093 5.85766935 343.75814819
-17.26279831 5.81979799 344.88153076
-17.46540260 5.78209734 346.00204468
-18.29709435 5.61570978 347.80197144
-17.12147141 5.19871283 343.78341675
-17.52762794 5.14403868 345.14590454
-18.00113297 4.97111368 347.39920044
-19.88904572 4.41152763 345.26132202
-20.18866539 3.89782214 344.77593994
-19.23159218 27.10603523 349.89431763
-19.25231361 26.55088234 349.51919556
-18.67024994 25.81228638 349.81192017
-18.68523216 25.17127419 349.72900391
-18.05425072 25.16001892 350.14642334
-17.99422073 24.60671997 350.43905640
-19.87831688 24.20856476 348.70901489
-19.24455833 24.19800949 349.12548828
-18.64488411 24.06009865 349.64743042
-19.93205643 23.52176666 348.43722534
-19.33916092 23.50877380 348.51870728
-18.62452888 23.50428772 349.60711670
-17.98670959 23.37030411 350.46307373
-19.91157722 22.96451187 348.39584351
-18.68541145 22.94165993 348.89575195
-17.97312927 22.93867111 349.98532104
-19.80760193 22.41471291 349.02545166
-18.66493225 22.38459969 348.85443115
-19.78706169 21.85815811 348.98410034
-18.64448357 21.82739449 348.81411743
-17.97236252 21.82293510 349.56961060
-19.79942131 21.17556190 349.04821777
-18.66474724 21.26525116 348.43661499
-18.03208733 21.25688171 348.85717773
-18.64417648 20.70739555 348.39523315
-18.01160812 20.69937134 348.81680298
-18.62348366 20.14929771 348.35476685
-18.03116798 20.13584900 348.43923950
-17.66743088 19.84578133 347.38833618
-17.47528839 19.41053009 348.47677612
-18.03789902 12.67093945 345.97622681
-18.05178261 11.98482132 346.04226685
-18.06600189 11.29939079 346.10830688
-18.01808548 10.06700897 346.47326660
-15.61171532 10.23818684 346.28091431
-17.99699593 9.50516796 346.43164063
-15.61894608 9.53409767 346.50613403
-15.64262581 8.86708260 346.41510010
-17.99546814 8.36471844 346.00778198
-15.62138462 8.30440998 346.37442017
-18.01548576 7.78494406 345.62451172
-16.19346428 7.75659704 346.24035645
-18.03529167 7.20402145 345.24111938
-16.17231369 7.19370127 346.19970703
-17.97962379 6.51517200 346.02587891
-16.22461891 6.38812494 346.37564087
-17.90009499 5.90939903 346.73828125
-22.51687050 4.74994087 354.56909180
-21.89403534 4.75293922 354.97723389
-21.31563568 4.73689222 355.06286621
-20.73729706 4.72086525 355.15045166
-19.58113861 4.68903494 355.32858276
-18.92525482 4.77677870 355.78250122
-17.98847198 5.17259359 346.28222656
-23.10848236 4.10278940 354.54461670
-20.71617699 4.17356300 355.11050415
-20.13072777 4.06122541 355.62188721
-17.74690628 4.13399649 356.21005249
-20.67363358 3.07871962 355.02966309
-22.46565628 2.44346881 354.50537109
-20.70405769 2.43997598 354.84091187
-17.68400574 2.49390817 356.09237671
-21.27845764 1.76918554 355.06237793
-18.89601135 1.90407765 355.36123657
-18.24434090 2.05699444 355.53598022
-21.25709534 1.22187519 355.02148438
-19.12526512 25.23248291 349.72308350
-17.67039871 24.40256500 350.22430420
-17.67463875 23.82402039 350.17907715
-17.67820740 23.24532700 350.13464355
-19.87532043 22.62008286 349.05523682
-18.24476624 22.65013695 349.62307739
-19.31306267 22.05558968 349.47763062
-18.52986145 22.06124878 349.34490967
-19.88432121 21.45572853 348.96356201
-18.53397942 21.48060799 349.29949951
-17.75034904 21.48694420 349.16925049
-18.03574753 20.89671326 348.89001465
-19.33210182 20.15580750 348.61511230
-18.32193947 20.30521584 348.61004639
-17.19794655 20.19150162 348.82528687
-18.21033478 19.46094322 348.78295898
-17.42642975 19.46872139 348.65393066
-17.99762726 18.28232384 348.09402466
-18.70035362 17.75734901 347.42483521
-18.70782852 16.58993530 347.33428955
-18.29516792 15.93868637 347.67755127
-18.29858398 15.35561371 347.63269043
-17.79306030 15.35173035 347.27105713
-18.58596611 14.75661087 347.35070801
-17.79644585 14.76855659 347.22610474
-18.08346176 14.16877747 346.94372559
-18.37133598 13.56782722 346.66067505
-18.83202553 12.10414982 346.31796265
-18.04036713 11.70373154 346.87377930
-17.98741531 10.99129677 346.93899536
-15.05788326 11.07548809 347.05206299
-18.27458763 10.38731480 346.65649414
-15.34084034 10.47421646 346.77111816
-18.27782059 9.80260181 346.61132813
-17.48677444 9.81873226 346.48980713
-15.57017803 9.74447155 346.59887695
-18.28108406 9.21779156 346.56625366
-17.77354622 9.21338177 346.20687866
-16.69859505 9.25123215 346.32565308
-19.12110519 8.43650150 348.29663086
-17.77677917 8.62845612 346.16171265
-16.98500061 8.64572811 346.04229736
-15.51853943 8.45241356 346.62298584
-19.18781662 7.80372953 347.41897583
-17.77998161 8.04342747 346.11657715
-16.98820496 8.06125069 345.99719238
-18.06760979 7.43544769 345.83282471
-17.27387810 7.45382786 345.71435547
-19.19553566 6.63455009 347.32711792
-18.68891335 6.62967205 346.96710205
-18.01389694 6.72309589 345.90011597
-16.93787766 6.76550007 346.01953125
-18.97736549 6.02078867 346.68423462
-17.67646217 6.03527975 346.20535278
-17.16758156 6.03059149 345.84884644
-18.41202354 5.48462486 347.11230469
-16.19205475 5.44416428 346.67050171
-18.42552567 24.49908257 350.33474731
-17.41582298 24.53062057 349.06326294
-18.06428719 23.92037201 350.28445435
-17.81499100 23.92516708 349.05059814
-18.21516609 23.31833458 349.03802490
-18.23518562 22.72544289 349.00726318
-17.74922180 22.01333618 348.99987793
-17.62260437 22.01566505 348.38388062
-17.64558220 21.28661537 349.01068115
-17.51789665 21.28881264 348.39498901
-17.66453171 20.69440842 348.97985840
-17.53687668 20.69670105 348.36434937
-17.55686378 20.10441017 348.33364868
-17.42719650 20.10674095 347.71853638
-17.95612335 19.49376869 348.32061768
-17.59479523 18.91969109 348.27218628
-17.46509743 18.92191887 347.65716553
-18.37644005 18.28826141 348.27676392
-17.48410797 18.32940865 347.62652588
-18.39542007 17.69445992 348.24591064
-17.88342857 17.71669197 347.61282349
-17.90243912 17.12348366 347.58200073
-17.38937759 17.14633369 346.95065308
-17.54001236 16.55136108 347.53427124
-18.32284737 15.91480446 347.53753662
-17.42636490 15.96079445 346.88925171
-18.00302124 15.24758625 347.52413940
-17.02709961 15.20683002 346.90521240
-17.21685600 14.51128864 346.91445923
-17.61626816 13.89488983 346.90026855
-18.01675034 13.27720547 346.88619995
-18.03570175 12.68329620 346.85543823
-17.13708115 12.73547173 346.20928955
-18.05373573 12.08916569 346.82467651
-17.15505409 12.14263916 346.17868042
-17.48058319 11.44325447 346.80120850
-17.04927826 11.41937828 346.19223022
-18.52140617 8.32762623 347.93908691
-16.63688660 8.35505962 346.06762695
-16.11863899 8.38654137 345.44140625
-18.20356369 7.66708136 347.92550659
-16.65482903 7.76277542 346.03701782
-16.61628914 7.74014282 344.21972656
-18.85300636 7.01381969 347.31542969
-16.67280197 7.17043257 346.00640869
-16.77497673 7.14477825 344.79989624
-16.63426208 7.14729118 344.18933105
-18.10691071 6.48057747 347.24990845
-17.45197487 6.51599264 346.00750732
-16.79197502 6.55180979 344.76937866
-16.65122986 6.55434799 344.15896606
-18.00110626 5.75860882 347.26373291
-17.85157204 5.89068174 345.99273682
-16.82584763 5.82850313 345.39498901
-16.56229591 5.70299196 344.83001709
-16.66819572 5.96134758 344.12854004
-16.52549553 5.96400595 343.51861572
-17.81456566 4.18085480 355.88540649
-17.94063568 4.43207407 355.18676758
-17.69613075 4.30716658 354.61441040
-17.22393227 4.28370142 353.99780273
-16.45204926 4.12293291 353.42456055
-16.32634926 4.12364292 352.81274414
-16.69778061 4.35399151 352.12985229
-16.31771660 4.37678337 351.50360107
-15.84042263 4.35383129 350.89291382
-13.00660896 4.74182701 339.24404907
-12.85380840 4.74539232 338.64236450
-12.81984425 4.87673616 337.99392700
-12.21749020 4.86383152 336.80438232
-11.41930676 4.88525534 333.81323242
-18.19177437 3.97404909 347.78442383
-18.05609322 3.97603035 347.17120361
-17.90457535 4.10751104 345.90051270
-17.17450523 4.06976509 345.29833984
-16.43076515 4.18759394 342.81848145
-16.52094650 4.16013861 341.61303711
-15.99052238 4.19689560 340.99377441
-15.84175014 4.20022583 340.38653564
-19.52910042 2.23480964 354.68704224
-18.77669334 2.27123952 352.81439209
-18.77999687 27.29837799 348.41134644
-18.10030746 26.59509087 348.61123657
-18.97774506 25.38549614 348.58456421
-18.99580956 24.79827881 348.57113647
-18.06694412 24.21437073 350.16015625
-17.85912132 24.25228119 349.09191895
-17.87733841 23.66607094 349.07839966
-18.19227982 23.66503525 348.54541016
-18.10411072 23.03955841 350.13369751
-18.15825081 23.05911446 349.33251953
-18.21040535 23.07882309 348.53198242
-17.79496765 22.36082840 348.99945068
-18.10963440 22.35978508 348.46673584
-17.69434929 21.64219475 348.93411255
-18.00810051 21.64113998 348.40090942
-18.56031990 21.90523911 347.97192383
-18.02622604 21.05522728 348.38745117
-18.12534714 20.55727768 348.41003418
-17.73853874 20.61792564 347.16854858
-17.80137253 19.90684128 348.09539795
-17.82660866 19.22571564 348.13601685
-17.60785866 19.36898232 347.01889038
-17.90470123 18.17462158 347.25616455
-17.58942223 17.43316460 346.99819946
-17.70166397 16.74399185 347.12719727
-17.45843887 16.18660927 346.84890747
-17.73757935 15.57445621 347.10061646
-17.75488281 14.98953724 347.08654785
-17.54037666 15.04611015 346.02490234
-17.77282524 14.40462017 347.07327271
-17.29714966 14.49131107 345.74795532
-18.39434433 13.84631538 347.62451172
-17.80803871 13.23448086 347.04592896
-17.59182358 13.29473591 345.98312378
-17.39809608 12.60527039 346.64599609
-17.27697182 12.56075478 345.72753906
-17.12801743 11.90279675 345.59289551
-17.10002899 11.28797245 346.37542725
-17.14513588 11.31987095 345.57901001
-15.79869747 10.54905796 346.00631714
-15.96352482 10.70799446 345.26214600
-16.00484085 10.18746567 346.88613892
-16.09083748 9.35213661 346.24118042
-15.87929344 9.41949272 345.18502808
-16.36647034 8.73545074 346.49081421
-16.15458870 8.80411530 345.43350220
-16.19862747 8.83847713 344.63949585
-16.12577820 8.18763161 346.21414185
-16.17170906 8.22248077 345.41961670
-16.21559334 8.25748634 344.62576294
-16.14365959 7.60531282 346.20086670
-16.18873596 7.64080286 345.40579224
-16.23252869 7.67644644 344.61203003
-16.72309494 6.98678160 345.91729736
-16.50761223 7.05926180 344.85934448
-16.54905701 7.09569454 344.06506348
-18.02176666 6.50723457 347.05981445
-16.79056931 6.32621574 345.17279053
-16.13844109 6.22169781 343.79971313
-18.99740028 25.45389938 348.49200439
-19.00359917 24.88839912 348.48999023
-19.57600021 24.87350082 348.32400513
-17.81360054 24.22470093 348.70599365
-18.38689995 24.20969963 348.54199219
-18.95960045 24.19470024 348.37600708
-19.54619980 24.23579979 348.01400757
-17.82320023 23.61809921 349.40499878
-18.34300041 23.51639938 348.42800903
-18.91539955 23.50149918 348.26199341
-19.48719978 23.48660088 348.09500122
-19.49329948 22.92140007 348.09298706
-17.80850029 22.45339966 348.82101440
-19.49620056 22.37779999 347.74301147
-17.78770065 21.85729980 348.23999023
-18.35779953 21.86470032 347.72698975
-19.49920082 21.83530045 347.39300537
-17.79540062 21.26939964 348.58700562
-17.80310059 20.68050003 348.93399048
-17.74259949 19.48620033 347.27499390
-18.32850075 19.52980042 346.91400146
-17.71590042 18.83060074 347.31500244
-17.72100067 18.29240036 346.96701050
-17.72839928 17.70299911 347.31100464
-18.29669952 17.71479988 346.79800415
-17.73349953 17.16580009 346.96301270
-18.30290031 17.15150070 346.79598999
-15.32549953 10.63309956 346.13299561
-15.33199978 10.07139969 346.13198853
-15.90740013 9.52943039 345.62100220
-15.87339973 8.88588047 345.39599609
-15.81799984 8.16740990 345.39898682
-16.39789963 7.10388994 344.54501343
-16.37080002 6.51351976 344.01599121
-11.38379955 5.76824999 332.56201172
-14.71010017 5.76740980 332.21301270
-15.39050007 6.06092978 332.45199585
-11.41549969 5.23366022 333.40301514
-14.11439991 5.12572002 332.06500244
-16.87750053 5.24990988 343.47100830
-19.59309959 4.86646986 350.24798584
-16.94020081 4.17465019 331.73699951
-13.63659954 3.63431001 332.32101440
-14.23260021 3.77228999 331.93701172
-16.43549919 3.67279005 332.39498901
-13.68169975 3.09350991 333.37399292
-13.08860016 2.49129009 332.90600586
