10.93511581 32.26918411 342.63311768
10.48666191 31.11948967 343.01702881
9.97465706 30.56948280 342.60360718
8.57233810 25.19341278 343.57461548
7.96714306 24.40525246 342.95324707
12.80869579 23.06189346 344.84048462
11.83407593 22.99692917 345.55041504
5.65639305 13.63166237 345.25799561
5.67197132 13.07178402 345.27142334
4.65864897 13.08075047 345.17526245
7.64299726 12.64237118 343.92367554
5.68620539 12.51176453 345.28359985
4.67349100 12.52185631 345.18801880
5.70102024 11.95167542 345.29638672
4.94957876 11.94100285 345.41741943
4.22714567 11.85469246 346.30572510
5.71661425 11.39150047 345.30984497
4.96443796 11.38141346 345.43020630
4.24215937 11.29450321 346.31838989
6.74746227 10.81830788 345.41769409
5.94616270 10.68902397 345.43090820
4.97853422 10.82159615 345.44226074
5.26952028 9.67804718 345.68460083
4.57758427 9.50914383 347.34600830
5.92015409 9.05466557 345.43460083
5.23812628 8.99873543 345.59017944
4.06841373 8.99622250 346.91973877
5.69807386 8.35242462 345.15975952
5.20683813 8.31984711 345.49560547
4.71448708 8.28734398 345.82989502
3.82104325 8.46015835 346.71252441
5.71284389 7.79216194 345.17263794
5.25320292 7.67585087 346.27770996
6.56310368 7.27192402 345.94461060
5.00619936 7.14061928 346.07293701
4.25149059 7.13439512 346.18865967
3.61508608 7.19844675 346.44763184
5.77526569 6.58557653 345.96765137
5.02107763 6.57968473 346.08572388
4.26566458 6.57397175 346.20065308
3.51209712 6.56841803 346.31521606
5.29715395 5.99146223 346.31536865
4.28055668 6.01349640 346.21340942
3.26678038 6.03563118 346.11007690
6.22345114 5.47956944 346.37442017
5.31207991 5.42985630 346.32812500
4.55635977 5.42515278 346.44345093
3.54048896 5.44843388 346.33917236
5.81981373 4.90072584 346.00622559
5.28074408 4.75105190 346.23226929
4.57125330 4.86401176 346.45614624
3.55470800 4.88833141 346.35125732
4.27768898 4.21474838 346.14157104
2.69949412 4.18106556 345.49679565
2.83035064 3.61660194 344.82037354
1.68031049 3.73966932 344.64511108
4.54302502 2.99796915 334.68777466
11.11143398 32.45264053 342.86285400
10.44886684 31.79286194 341.06372070
10.95155239 31.78722191 342.84313965
10.57710266 31.70517731 343.45581055
10.17209721 31.12850189 341.05633545
10.14214039 30.99379730 343.44256592
10.18920326 30.45756721 340.40832520
9.85219097 30.55299377 341.08700562
10.17591000 30.42046547 343.43984985
9.66364765 29.71549225 341.00274658
10.21067333 29.84696579 343.43710327
9.34471321 29.14215279 341.03381348
9.38035583 28.57078934 341.03121948
5.88636398 13.70192146 344.48199463
5.91894674 13.13372040 344.47979736
5.12239504 12.93118477 345.05209351
4.57948065 12.32300472 345.07272339
6.00276423 11.61033154 344.31127930
4.61196661 11.75670815 345.07040405
4.27209091 11.64978313 346.84320068
4.99192238 11.17529869 345.03802490
4.65204811 11.06824112 346.81234741
5.72147274 10.57697105 344.97537231
4.91182566 10.57256794 345.62753296
4.33600998 10.51704788 346.83822632
5.75400877 10.00887585 344.97314453
4.94431400 10.00556946 345.62518311
4.83073807 9.96980858 346.21643066
4.36753511 9.95051003 346.83581543
4.97587204 9.43833160 345.62289429
4.86221886 9.40266895 346.21414185
5.47060156 8.88971519 344.99890137
5.00836039 8.87116528 345.62060547
4.54610205 8.85273743 346.24072266
5.46711731 8.12810707 345.51660156
4.46998119 8.16351986 346.19332886
3.89804292 8.02337170 346.76666260
5.55133724 7.45481873 345.46618652
4.04618168 7.49311161 346.17495728
4.88665581 6.92490244 345.52380371
4.07863617 6.92717743 346.17257690
4.91909790 6.35781002 345.52157593
4.11016035 6.36112642 346.17028809
4.14159346 5.79499912 346.16802979
4.98416662 5.22341204 345.51705933
4.79715586 4.41440058 345.42376709
3.39791155 4.25434446 346.03430176
2.83404565 4.44932222 346.74688721
1.08493304 3.22855282 346.21023560
4.98621798 3.07576990 334.78680420
3.98527932 2.95095396 335.41857910
4.04834938 3.09053230 336.07128906
4.22693682 3.16002941 336.68420410
3.72484374 2.99886465 337.25292969
3.40494537 3.00096607 337.87631226
3.32379603 2.92100477 338.44412231
2.13470316 2.90901470 340.31506348
4.54696655 2.78402758 343.07525635
3.52226138 2.63770008 344.27096558
4.31475973 2.79498768 344.88839722
3.39080548 2.76898098 346.12426758
3.01217508 2.53348494 349.61560059
2.30240464 2.66505527 350.29861450
-0.80118954 2.36401415 352.07192993
-0.82529813 2.44908643 352.69793701
-1.40102053 2.31879330 353.25109863
-1.97782874 2.18859768 353.80224609
-2.14004326 2.24036741 355.00192261
-2.27405596 2.20646858 355.57763672
-2.65203285 2.01992655 356.67846680
-2.91574812 2.17294455 357.33502197
3.66833711 2.10921669 343.68112183
3.55364466 2.07301760 344.26895142
3.43896699 2.03697968 344.85635376
3.32329679 2.00103998 345.44351196
3.31438136 2.08457422 346.07620239
2.85080552 2.07232141 346.69177246
2.81952000 2.02681208 349.05358887
1.79027557 1.79986727 349.59680176
6.11744022 1.49747610 335.09387207
5.28680944 1.33691204 336.89266968
4.81661892 1.23829007 338.08462524
4.37561655 1.30477881 339.34539795
3.81906581 1.41678619 341.82489014
3.81723523 1.49867892 342.45791626
3.81345105 1.58074701 343.09115601
2.06716681 1.30662131 348.42639160
1.53612471 1.44304276 351.47317505
0.62520194 1.14596891 351.97241211
5.97374821 15.35204315 345.52291870
6.00826025 14.77934742 345.49978638
5.93425751 14.07709503 345.52233887
4.95451832 13.43567181 344.79928589
5.86019278 13.37513447 345.54492188
4.98983574 12.86383820 344.77548218
4.79105186 12.30089760 345.02090454
5.12602282 12.27462482 345.52752686
4.82632256 11.72956371 344.99719238
5.16130781 11.70329666 345.50375366
4.92082930 11.56834412 346.58880615
5.09507275 11.14797401 344.70510864
5.08713055 11.00373173 345.52639771
4.95449591 10.99808216 346.56649780
4.78050566 10.31553936 345.81579590
4.41502428 10.32172108 347.12091064
4.71433401 9.75986004 345.01852417
4.58322001 9.75626945 346.05883789
4.61774063 9.18599606 346.03579712
4.41975069 8.62815857 346.27960205
4.24588299 7.94546032 345.52908325
4.11420918 7.94518566 346.56774902
3.47879028 7.29009056 346.35018921
3.57819223 7.27736855 347.12057495
3.51330638 6.72162104 346.32730103
3.77919555 6.13838530 346.03781128
3.58297873 5.58452892 346.28091431
3.39293551 4.92568016 346.45272827
0.54787344 3.58874989 347.75848389
-2.17247033 2.45871305 357.33139038
11.61457729 23.26290321 345.96765137
11.60184479 22.55604362 346.39724731
11.05008507 22.04177666 346.30368042
11.03142834 21.29360962 347.00534058
10.46230984 20.73517609 346.83035278
10.45720005 20.07661438 346.98413086
9.89981174 19.60276413 346.26284790
9.28052711 18.86851883 346.46990967
8.70081806 18.22754669 346.84115601
8.13134670 17.66984940 346.66717529
6.97151613 17.12407303 346.36093140
8.15157032 17.10002327 346.63046265
7.58214808 16.54211426 346.45846558
8.17185497 16.53020859 346.59368896
6.42169285 15.99623203 346.15225220
7.01226711 15.98425484 346.28546143
7.59425259 15.89382458 346.96423340
6.44220495 15.42616844 346.11447144
7.03268909 15.41413498 346.24868774
7.56711340 15.15481472 347.30694580
5.87180805 14.86808586 345.94345093
6.46264219 14.85601616 346.07669067
7.02600098 14.72121620 346.67196655
4.63530922 14.28850746 344.21871948
5.84665012 14.12947369 346.28515625
7.02642918 14.10527802 346.55368042
5.84430218 13.47598553 346.43719482
7.00698471 13.44264317 346.35177612
5.86481380 12.90662670 346.39947510
5.88531017 12.33716869 346.36178589
4.66965342 11.75979614 344.99453735
5.90583706 11.76771355 346.32403564
4.17033243 11.13964653 347.05490112
4.68645811 11.11764526 345.50161743
5.88285112 11.06905460 346.39358521
4.71114254 10.61725807 344.91787720
4.72020388 9.83851051 346.51303101
5.32740641 9.83884335 346.99740601
4.13209057 9.26899052 345.98898315
4.74083471 9.26975918 346.47436523
5.36599207 9.28366280 347.31201172
4.17215919 8.71312809 346.30441284
3.60325360 8.15648174 346.13449097
4.21211481 8.15829086 346.61791992
5.92421627 8.07918930 345.95910645
3.58097482 7.46056938 346.20114136
5.99729395 7.61389780 346.32147217
6.00037909 6.96958590 346.59017944
3.03293324 6.33495235 345.99551392
3.62141728 6.29097080 346.39648438
4.29358816 6.46835852 346.85626221
5.97688293 6.27374029 346.65988159
3.01071644 5.63959885 346.06430054
3.63994288 5.66001558 346.89913940
5.36544895 5.59027624 346.59527588
3.05208325 5.08769798 346.37695313
3.66073895 5.09225893 346.86050415
4.24841595 5.07991171 346.99380493
-2.52806854 3.58721495 357.65679932
-1.88693404 3.74626303 357.86849976
3.00675488 4.28598309 346.90554810
3.59069419 4.18379307 347.84506226
-2.57778478 2.86668253 357.53302002
0.31826907 2.89361382 358.31140137
1.01243997 3.19156837 358.59765625
1.58196330 3.14509058 359.02868652
10.60395145 30.90447617 344.38845825
10.34848785 29.78274918 344.85998535
9.85041142 29.22056580 344.34820557
9.84397888 28.66153526 345.09512329
9.84597397 28.10058403 345.05694580
9.59757233 27.53725052 344.78225708
9.34773540 26.97280502 344.50613403
9.48806858 26.30514908 344.64657593
9.69761372 25.58578682 344.87646484
9.95021439 25.02892494 345.07467651
9.19164181 24.46325493 345.11016846
9.19366932 23.90170860 345.07196045
9.44748783 23.34622383 345.27047729
11.80258942 23.11383820 346.03836060
11.54485416 22.56281471 346.54028320
8.94197273 22.22411919 345.50378418
11.41210842 21.91318512 346.41558838
8.53381157 21.38450432 345.20297241
11.05401802 21.43155670 345.99740601
8.52955055 20.84001541 345.94567871
10.79608154 20.88162422 346.49957275
10.04235077 20.31459618 346.53579712
10.84360695 20.19333649 346.56478882
7.77231503 19.70868492 345.94482422
8.53386116 19.71782684 345.86901855
9.83977509 19.61630058 346.36657715
7.77379227 19.14689255 345.90570068
9.40180397 19.10385323 346.67999268
7.77607918 18.58505058 345.86724854
9.26767826 18.45102692 346.55526733
7.01572704 18.01242065 345.90557861
8.28230095 18.04540062 346.29815674
7.01728296 17.44992447 345.86633301
8.28453827 17.48446465 346.25967407
6.51000595 16.88772202 346.14035034
8.02925777 16.93605614 346.76495361
6.25688982 16.31229782 345.86547852
7.52755547 16.35014915 346.25848389
6.76723909 15.77552986 346.29663086
7.78191757 15.80165482 346.45394897
6.05264235 15.07161427 346.44079590
7.06820011 15.09896469 346.59588623
7.53150177 15.22673416 346.18066406
8.08625126 15.09808922 345.97460938
8.64188671 14.96943283 345.77059937
6.05299091 14.50911713 346.39993286
7.11588049 14.40939236 346.66082764
7.88161469 14.39396667 345.80578613
5.49973011 14.04421806 345.78713989
7.11822748 13.84785557 346.62231445
4.73507786 13.46512508 345.82659912
6.05770683 13.38335800 346.32263184
7.11985683 13.28636837 346.58309937
5.59649563 12.69356632 346.70089722
6.10532761 12.69307899 346.38766479
6.86801386 12.70865345 346.30960083
4.57504320 12.06403160 345.72265625
7.12383270 12.16314411 346.50527954
4.07062912 11.53466225 346.78350830
5.34424543 11.55081940 346.38726807
6.10866833 11.56751060 346.30886841
4.07182074 10.97072792 346.74313354
4.58117008 10.97014713 346.42788696
5.60105610 11.00506210 346.58184814
6.36425638 11.02236843 346.50338745
4.83843803 10.42432117 346.62200928
5.90291691 10.33434296 346.88049316
3.56600237 9.84305382 346.97927856
4.83950710 9.86078930 346.58175659
6.20474434 9.66502094 347.17922974
3.30948949 9.25954628 346.70455933
4.84141588 9.29711819 346.54217529
3.31068349 8.69474030 346.66409302
4.12430096 8.58848000 346.68856812
4.95889521 8.65640736 346.65032959
5.65442657 8.62733459 346.52954102
4.42785072 7.91958237 346.98696899
5.19264460 7.93955135 346.90707397
5.70179892 7.93905687 346.59494019
6.21125841 7.93863344 346.28384399
3.05613470 7.54395103 346.34942627
4.68507767 7.37725353 347.17993164
6.72105837 7.41794157 346.71224976
3.29132104 6.82616186 346.60610962
4.68617535 6.81425714 347.13973999
6.24305582 6.77365208 347.05172729
2.54905725 6.41336155 346.58526611
3.40913558 6.18542671 346.71392822
4.68881559 6.25127316 347.10076904
5.70697069 6.25041056 346.47662354
3.92474437 5.66609907 347.14074707
4.73613882 5.56422424 347.16629028
5.24446774 5.56375599 346.85357666
5.70871019 5.68741989 346.43719482
2.64515257 5.03332615 346.71591187
3.92671466 5.10239840 347.10107422
2.90408635 4.49175167 346.90856934
3.98741078 4.23759842 347.26837158
3.37057185 3.65743113 350.62280273
4.88329124 3.65468168 349.68121338
2.55261588 2.62502146 359.37124634
10.94850445 30.99754715 342.41900635
10.92886162 30.29140854 342.43914795
11.99670219 29.77026558 340.69412231
9.62773132 26.41735649 344.52761841
9.28355312 25.85642433 344.50997925
8.93835640 25.29440880 344.49237061
8.99395752 24.65893364 344.48815918
8.98097897 24.10833549 344.45831299
8.89943886 23.64203262 344.40255737
11.51643276 22.68844986 346.12780762
8.85150719 22.96080589 344.98181152
11.92967892 22.03211212 346.12234497
9.27362156 22.29822731 344.97787476
8.82352352 21.85916901 344.92181396
11.33994484 21.04612732 346.60479736
8.55606270 21.33963394 344.88742065
8.57009029 20.61515617 344.91378784
8.88840294 20.08043861 344.87084961
7.56002808 19.55207062 345.42968750
8.05900383 18.93924141 345.40783691
7.90824127 18.38331032 345.94921875
8.70966721 18.42352486 345.35086060
7.56189394 17.81235504 345.93295288
8.83443642 17.87602806 344.75073242
7.07774639 17.23659325 346.48962402
7.88018703 17.27879333 345.88867188
8.01797676 17.28253365 345.31726074
8.82142925 17.32474136 344.72067261
7.06270027 16.68315506 346.45935059
7.97105122 16.60243607 345.89804077
8.10885620 16.60606575 345.32684326
8.49233437 16.48948860 344.22604370
6.71529341 16.10930061 346.44351196
8.81066990 15.95795059 344.18362427
6.70023394 15.55516720 346.41308594
7.83911610 15.62140179 345.79782104
6.86793613 14.92586231 346.40429688
7.26321650 14.90267181 345.83535767
7.73440218 14.92779827 345.24981689
8.20757294 14.95302486 344.66583252
8.45226765 14.83333874 344.13610840
6.65703917 13.89252853 346.32171631
7.13021946 13.91867924 345.73461914
7.26898479 13.92252827 345.16259766
8.28447056 13.72506809 344.64575195
6.52777386 13.26518345 346.31851196
6.79699278 13.07658863 345.24029541
7.27118063 13.10355091 344.65487671
5.62168455 12.71324825 346.30459595
5.13341093 12.12934113 346.86419678
5.94401646 12.18124676 346.25933838
4.64512682 11.54447937 347.42514038
5.11829662 11.57271576 346.83352661
6.25674343 11.49348640 346.26840210
4.29157829 10.96199608 347.41030884
5.10418987 11.01597118 346.80279541
6.79664421 10.87582207 346.24954224
4.27643728 10.40407753 347.37948608
5.08907604 10.45924854 346.77212524
5.56430483 10.48867512 346.18215942
4.26129532 9.84615803 347.34863281
5.18093824 9.78044319 346.78198242
5.65616560 9.81046104 346.19223022
5.79590559 9.81436825 345.61828613
3.56817770 9.23460293 347.34970093
5.60924816 9.12886620 346.77645874
5.74799538 9.13260651 346.20236206
6.22322369 9.16322517 345.61447144
3.55303955 8.67551708 347.31878662
5.59518480 8.57281971 346.74578857
6.06941891 8.60390186 346.15701294
3.53788590 8.11635685 347.28787231
4.68281412 8.00768471 346.73327637
3.18325281 7.52871847 347.27282715
5.56496859 7.46052599 346.68453979
5.77111816 6.85858297 346.66665649
3.67825866 6.36779690 347.21697998
5.60646486 6.26795197 346.65045166
4.84756804 5.73182726 346.62307739
3.22952747 5.16862965 347.19018555
4.15636110 5.11320448 346.62319946
3.84777999 4.45011282 347.20697021
3.71427345 3.13556814 354.09777832
4.88449383 3.42813396 349.38238525
5.43147421 3.44275522 347.08428955
4.50243998 3.32595825 345.42257690
4.57497501 3.57429028 344.18936157
7.10420084 3.53661776 343.05529785
7.92124367 3.60537815 342.46347046
8.17307091 3.49074268 341.93832397
8.36871910 3.62012672 340.76199341
8.52059460 3.62523937 340.19580078
8.67243958 3.63048267 339.63012695
8.82526112 3.63582659 339.06494141
8.98014355 3.64124632 338.50033569
9.13502502 3.64679670 337.93624878
9.18787575 3.77237082 337.32855225
2.06200552 2.43221474 359.35705566
2.49122238 2.41282272 358.76867676
2.94440198 2.44713449 358.16082764
3.06406069 2.44882107 357.58059692
3.29899931 2.52541733 356.96862793
3.74795461 2.36739969 356.43463135
3.87065101 2.36936879 355.85604858
3.99531531 2.37142467 355.27780151
4.12001038 2.37360764 354.69982910
2.33185649 2.78502464 351.15786743
2.46353602 2.78819227 350.57815552
2.48922300 2.91063356 349.95800781
2.62392306 2.91407919 349.37887573
3.20625019 2.83108091 348.82360840
4.52403402 2.89126778 344.77514648
5.34605598 2.96115446 344.17477417
5.28486824 2.37958813 343.01214600
12.04602432 31.06297302 341.42190552
12.03028679 30.63910294 342.17736816
11.49033928 30.08395004 341.91580200
12.42785168 29.90147400 340.16415405
11.47127724 29.54501915 341.90463257
12.19980526 29.35144615 340.38662720
11.02985954 28.97737694 342.36621094
11.76127911 28.78592873 340.84396362
11.24259186 27.84772301 341.27307129
10.85729885 26.82925606 341.59512329
9.55502510 26.40723801 344.56469727
9.75018501 25.88003349 344.31253052
9.36272621 24.08854294 344.71377563
9.22876549 23.40240669 344.89733887
11.52006340 22.70988274 345.78509521
9.08930874 22.43295670 344.92095947
8.25524139 22.30077553 343.39797974
8.73921967 21.72418976 345.34790039
7.80306816 21.71327782 343.86862183
10.83031178 21.17339516 346.38897705
8.17530918 20.69314575 345.02520752
10.36900139 20.14415359 346.79205322
7.93437767 20.03533363 345.30685425
7.74569321 20.07320595 343.83370972
9.81863594 19.57152367 346.53424072
7.48028803 19.44137573 345.78262329
9.58372498 19.00164604 346.76681519
7.67803383 18.91597939 345.52737427
7.17050838 19.05310631 344.34060669
9.03331852 18.42673492 346.50756836
8.83782578 18.46710396 345.03607178
7.44050550 18.34333992 345.76016235
7.25332069 18.38435936 344.28286743
9.01293564 17.87912369 346.49658203
8.52543449 17.79993248 345.39901733
8.82376099 17.82170105 344.24414063
8.56082630 17.28149796 346.97430420
8.78570843 17.10990524 345.16372681
8.69040871 17.13124084 344.42831421
8.00870609 16.70322609 346.71478271
8.12930775 16.75067329 345.73147583
7.77106380 16.12777138 346.94891357
8.32667923 16.22829056 345.47589111
8.21896553 15.98616409 344.89044189
8.12535286 16.00868988 344.15386963
7.75135803 15.57785892 346.93713379
7.65540791 15.60068798 346.19686890
8.19940472 15.43864632 344.87884521
8.10658455 15.46166706 344.14163208
7.63509083 15.05117226 346.18588257
7.17882156 14.44619560 346.66516113
7.52129269 14.52554798 345.43429565
7.53103256 14.43085480 344.64962769
7.32462549 14.30852604 344.10845947
7.61414576 13.76389408 344.59219360
7.30512857 13.76030540 344.09689331
6.82594109 13.34116554 346.14624023
7.28633308 13.21208572 344.08465576
6.58756351 12.76113129 346.37963867
6.49517441 12.78683281 345.63717651
6.61577368 12.66447735 344.75271606
6.56783009 12.20971966 346.36782837
6.81137896 12.05575562 344.54754639
6.01644182 11.62439060 346.10479736
5.70507240 11.62088203 345.60720825
5.77569294 11.04146767 346.34008789
5.90689373 11.09975910 345.34893799
5.53564835 10.45734692 346.57461548
5.66643381 10.51685143 345.58306885
5.29423523 9.87212276 346.81063843
5.64744997 9.96473789 345.57061768
5.27446222 9.31840324 346.79879761
5.73206472 9.29510880 345.51321411
6.12681198 8.62935638 345.95364380
5.01320696 8.17710114 347.02294922
6.03483868 7.56135654 346.78778076
5.06920099 6.02687693 345.97857666
3.71029496 5.25537920 347.45861816
4.57329130 4.57708168 346.60702515
12.74380016 30.02939987 340.25100708
11.61590004 29.88549995 339.61499023
12.20899963 28.90169907 340.79400635
11.63840008 28.88339996 340.68399048
11.65559959 28.32699966 341.01098633
11.09259987 27.20820045 341.23599243
10.03230000 26.01790047 342.30899048
9.47655010 25.68379974 344.20901489
9.48565960 25.06049919 344.03799438
9.41827965 24.46529961 342.64401245
8.91672039 23.92650032 344.26400757
11.88599968 22.84219933 346.15798950
8.88776970 22.72159958 343.27200317
11.90369987 22.27070045 346.49600220
11.27149963 22.29260063 345.72799683
8.34794998 22.06189919 343.30801392
11.34210014 21.67900085 346.72198486
11.35949993 21.10519981 347.06100464
8.35039043 21.00250053 344.04598999
10.69200039 20.59919930 345.96899414
8.38232994 20.52420044 345.50399780
10.13039970 20.00620079 346.19198608
7.79655981 19.95400047 345.39300537
9.62924004 19.30170059 346.78201294
7.78376007 19.35359955 344.89099121
9.50872040 18.90649986 345.76300049
8.99734020 18.74500084 345.86700439
8.95510960 18.14669991 344.78500366
8.37983036 18.12800026 344.66598511
7.72249985 18.34679985 344.75799561
8.94596958 17.59609985 344.79299927
8.91213036 17.07060051 344.47299194
6.63776016 16.97089958 344.31698608
8.92730045 16.49480057 344.80801392
5.49376011 15.80609989 344.41101074
8.38183022 15.32069969 345.35998535
7.81506014 14.65999985 344.81298828
4.92312002 14.65740013 344.62600708
7.27349997 13.97270012 344.59100342
7.24937010 13.57009983 345.79901123
7.24010992 13.01679993 345.80599976
6.57385015 13.11380005 344.36499023
6.00037003 13.09539986 344.23999023
6.67775011 12.41520023 346.02099609
4.39599991 12.31169987 345.84600830
6.69130993 11.83110046 346.35900879
6.09248018 11.84259987 345.90301514
4.92022991 11.83590031 345.31799316
6.12796021 11.22719955 346.57299805
5.48592997 11.30070019 345.45199585
4.89013004 11.31299973 344.99398804
6.09634018 10.70330048 346.24798584
5.52023983 10.68480015 346.12100220
6.13192987 10.08510017 346.92001343
5.51116991 10.13000011 346.12899780
5.48016024 9.60752010 345.80300903
6.11339998 8.97342968 346.93399048
5.49269009 9.02048016 346.14099121
4.91714001 9.00210953 346.01300049
6.08168983 8.45075035 346.60800171
4.92931986 8.41384983 346.35198975
4.33284998 8.42897987 345.88900757
6.67193985 7.88010979 347.07400513
4.94149017 7.82449007 346.69100952
6.21863985 7.00580978 347.40499878
6.17536020 6.50174999 346.91198730
4.92309999 6.71225977 346.70401001
4.34710979 6.69399977 346.57400513
5.62273979 5.83011007 346.51599121
4.95814991 6.04109001 346.60198975
4.35784006 6.05662012 345.91900635
5.91167021 5.32920980 335.73098755
4.37577009 5.42410994 345.70498657
9.33491993 4.73411989 336.79501343
8.67525959 4.93362999 336.35101318
7.05268002 4.18049002 335.94900513
4.76155996 3.11722994 335.05300903
8.18642998 2.50336003 336.36300659
7.62744999 2.48480010 336.23599243
5.90951014 2.53992009 335.94799805
5.30891991 2.60861993 335.43200684
