2.59101868 29.95323372 347.79037476
3.73025513 29.48732758 348.04660034
2.97854614 29.46886444 348.16598511
4.75352478 28.93692017 348.15817261
3.74021912 28.92744064 348.05895996
2.98863220 28.90947914 348.17831421
4.45285034 28.25799942 347.84402466
3.70103455 28.24043083 347.96499634
2.76104736 28.18686295 347.90301514
4.41365051 27.57078743 347.75012207
3.66262817 27.55384064 347.87167358
2.65199280 27.54671860 347.77111816
3.41226196 27.00436211 347.66412354
2.66200256 26.98802948 347.78347778
4.43513489 26.45024681 347.77630615
3.42294312 26.44509697 347.67718506
2.93127441 26.41830635 348.01559448
4.70666504 25.87847328 348.00894165
3.43301392 25.88571167 347.68960571
4.45497131 25.32926559 347.80126953
3.44294739 25.32612419 347.70205688
6.46321106 24.82514381 347.22607422
4.46646118 24.76871681 347.81506348
6.21090698 24.27633858 347.02056885
4.47636414 24.20793152 347.82763672
6.22212219 23.71508217 347.03454590
4.48695374 23.64716148 347.84078979
6.75910950 23.12599754 347.48632813
5.02005005 23.05839729 348.29364014
6.50671387 22.57788658 347.28082275
4.50668335 22.52518654 347.86596680
6.27534485 21.86009407 347.00518799
4.91072083 21.74264526 347.32504272
4.04130554 21.83899498 347.40005493
6.16593933 21.22104073 346.87500000
4.92124939 21.18187141 347.33831787
4.16862488 21.17028809 347.45864868
5.91410828 20.67573929 346.67037964
4.93176270 20.62109947 347.35165405
4.17913818 20.61001968 347.47198486
4.94229126 20.06012344 347.36502075
6.16304016 19.59842300 346.13784790
4.69131470 19.51624298 347.15939331
6.12513733 18.91524124 346.04531860
4.65251160 18.83283806 347.06494141
5.82525635 18.25064659 345.73593140
4.35359192 18.16815376 346.75308228
5.83558655 17.69086456 345.74942017
3.84382629 17.64592361 346.33142090
6.10800171 17.11170959 345.97976685
5.38844299 17.03708649 346.87738037
4.37454224 17.04830360 346.77972412
6.11903381 16.55124092 345.99404907
5.39886475 16.47601318 346.89080811
4.38505554 16.48832703 346.79309082
6.12930298 15.99056530 346.00756836
5.40927124 15.91493893 346.90426636
4.65568542 15.90783215 347.02398682
5.41964722 15.35367107 346.91775513
4.66609192 15.34706783 347.03744507
6.41278076 14.84784985 346.25225830
5.42999268 14.79239368 346.93121338
4.41464233 14.80777836 346.83203125
6.11238098 14.18774414 345.94183350
5.13003540 14.13219166 346.61883545
4.18760681 14.10117435 346.55752563
6.07487488 13.50667000 345.84887695
5.09213257 13.45100498 346.52484131
5.82284546 12.96906281 345.64578247
5.36416626 12.86723900 346.75582886
6.09538269 12.38531399 345.87603760
4.85205078 12.35326290 346.33493042
6.10632324 11.82454681 345.89044189
4.86164856 11.79297161 346.34777832
6.11657715 11.26367092 345.90402222
4.61033630 11.25738525 346.14379883
6.12680054 10.70268917 345.91775513
5.37281799 10.69998455 346.03775024
6.13693237 10.14171219 345.93133545
5.38305664 10.13950253 346.05139160
4.89169312 10.11171913 346.38778687
6.09979248 9.46204090 345.83807373
5.34596252 9.46033192 345.95797729
4.66438293 9.41061687 346.11325073
6.06193542 8.78271770 345.74401855
5.30894470 8.78159237 345.86444092
4.55628967 8.78056622 345.98303223
5.81022644 8.24924374 345.54183960
5.31916809 8.22124290 345.87808228
4.56581116 8.22073078 345.99594116
6.08303833 7.66091251 345.77209473
5.32858276 7.66080475 345.89102173
4.31497192 7.68876171 345.79272461
6.09313965 7.09989262 345.78582764
5.07737732 7.12870979 345.68826294
4.32450867 7.12929630 345.80569458
6.10330200 6.53879452 345.79953003
5.04057312 6.45159626 345.59457397
6.06636047 5.86075783 345.70590210
4.74299622 5.80432224 345.28518677
5.90974426 5.11545086 345.46701050
4.72976685 5.18696117 345.24502563
8.56114197 4.11627197 333.95800781
2.38471985 30.39311218 348.24972534
2.41136169 29.83062553 348.24789429
2.43701172 29.26801491 348.24609375
3.26182556 28.73317909 347.59963989
2.80845642 28.70314980 348.21780396
3.98120117 28.16395378 347.54327393
2.83512878 28.13986397 348.21600342
4.00791931 27.59897423 347.54156494
2.51690674 27.57977867 348.24087524
4.38148499 27.03019142 347.51251221
2.88844299 27.01301384 348.21261597
4.06137085 26.46882248 347.53829956
3.41842651 26.35609436 348.13818359
2.93078613 26.15436172 348.69003296
2.81924438 26.12185097 349.28048706
2.95744324 25.59057808 348.68826294
4.46278381 25.33289146 347.50756836
2.98413086 25.02671242 348.68643188
4.30194092 24.68321228 347.48663330
3.57670593 24.61765480 348.10992432
3.01080322 24.46273041 348.68469238
4.75686646 24.06603813 347.43399048
3.49504089 23.92461586 348.06546021
4.78369141 23.49956131 347.43234253
3.52174377 23.35993195 348.06378174
5.72425842 22.98345184 346.18536377
4.92713928 22.90425301 347.41091919
3.54846191 22.79515839 348.06210327
5.29263306 22.29607582 346.17028809
4.37971497 22.24656868 347.41384888
3.57518005 22.23027611 348.06051636
5.66940308 21.72032928 346.13958740
4.40647888 21.68058395 347.41232300
3.49241638 21.53821182 348.01559448
5.69825745 21.15271568 346.13806152
4.43421936 21.11454201 347.41079712
5.37699890 20.59477043 346.16589355
4.46101379 20.54836273 347.40927124
5.05676270 20.03776169 346.19363403
4.94638062 20.00463867 346.78689575
4.03215027 19.86601830 347.39230347
5.88914490 19.48242188 345.53921509
3.60327148 19.18507385 347.37530518
5.91798401 18.91450119 345.53790283
5.00192261 18.87084389 346.78408813
3.28488159 18.63176537 347.40179443
5.83528137 18.22043419 345.49334717
5.13922119 18.33687782 346.18960571
4.57208252 18.18985367 346.76779175
4.00392151 18.04302788 347.34436035
4.48930359 17.49788094 346.72305298
4.03070068 17.47734070 347.34292603
6.24114990 17.07137680 345.46075439
4.51710510 16.93153381 346.72161865
4.05740356 16.91155815 347.34149170
5.88401794 16.47460938 345.47509766
4.54386902 16.36515236 346.72027588
4.08522034 16.34570694 347.34008789
5.48893738 15.83706760 345.47488403
4.91987610 15.78446102 346.69012451
4.11196899 15.77982616 347.33874512
5.51678467 15.26951504 345.47369385
4.41061401 15.15423107 346.69796753
4.02912903 15.08937454 347.29324341
6.24302673 14.67130184 345.41213989
4.05976868 14.43269062 346.65731812
3.94628906 14.39931107 347.24783325
5.92164612 14.11823082 345.44110107
5.69883728 14.05131054 346.62826538
5.72213745 13.45737171 345.41690063
4.92031860 13.30154514 346.00479126
4.57119751 13.40826130 346.66973877
5.40785217 12.75121212 345.38116455
4.94815063 12.73459435 346.00357056
4.48832703 12.71810055 346.62429810
4.16983032 12.16915798 346.65200806
6.04231262 11.65038586 345.35528564
5.00372314 11.60039330 346.00112915
4.54394531 11.58500099 346.62179565
5.49137878 11.04815865 345.37780762
5.03158569 11.03313732 345.99996948
4.57073975 11.01821327 346.62057495
5.51919556 10.48030281 345.37670898
5.05938721 10.46588707 345.99880981
4.40959167 10.37643909 346.59936523
5.89640808 9.89268017 345.34506226
5.08622742 9.89839935 345.99768066
5.92529297 9.32418633 345.34393311
5.11404419 9.33097649 345.99655151
5.72463989 8.66650772 345.31948853
4.76300049 8.61509800 345.95584106
5.41014099 7.96522141 345.28323364
4.25537109 7.99565411 345.96484375
5.89921570 7.49687290 345.29629517
4.28315735 7.42946243 345.96368408
6.04489136 6.85633278 345.25741577
5.00386047 6.81825542 345.90280151
5.49369812 6.26154804 345.28015137
5.03170776 6.25082588 345.90170288
5.41276550 5.49648285 345.20062256
4.68051147 5.53880310 345.86053467
8.17201233 4.10465527 333.70486450
7.09814453 4.01000881 336.16900635
6.30903625 4.02379799 336.84158325
7.31365967 4.03459167 340.98171997
7.20631409 3.99980903 341.57635498
6.74942017 3.99021792 342.20449829
6.29153442 3.98085237 342.83126831
6.18112183 3.94650054 343.42391968
3.99322510 3.72457051 347.04452515
3.87474060 3.69112945 347.63265991
3.86396790 3.77744555 348.26629639
3.16799927 3.76101756 348.88821411
0.54324341 3.55698133 349.51525879
-0.26181030 3.57510686 350.14859009
-0.38652039 3.54257464 350.72900391
-0.51228333 3.51017737 351.30902100
-1.31942749 3.52883601 351.93655396
-1.44721985 3.49674869 352.51473999
-1.57606506 3.46477675 353.09252930
-2.64799500 3.42081046 354.86541748
6.31901550 3.32749438 342.19348145
6.20967102 3.29298759 342.78616333
6.09822083 3.25855899 343.37850952
4.94827271 3.17383885 345.80590820
4.02008057 3.15829158 347.04333496
2.99378967 2.54509902 348.85958862
3.36067200 30.06280518 348.74099731
2.48223877 29.54896164 347.97979736
3.15805054 29.49207878 348.98083496
2.51040649 28.98322487 347.95703125
3.18679810 28.92629433 348.95724487
2.53923035 28.41733551 347.93347168
2.87718201 28.38879013 348.43411255
3.21484375 28.36035347 348.93438721
3.55085754 28.33191299 349.43591309
3.02998352 27.69268608 348.19345093
3.13659668 27.66139221 348.95764160
3.35351563 27.67528915 349.61877441
2.95178223 26.99352455 348.21676636
3.05822754 26.96274376 348.98086548
3.39387512 26.93410301 349.48202515
3.34567261 25.83221054 348.67135620
3.44998169 25.80252838 349.43624878
3.94427490 25.56076813 347.26150513
3.37379456 25.26567268 348.64846802
3.47802734 25.23648453 349.41339111
3.40194702 24.69913483 348.62561035
3.53822327 24.42413330 347.74496460
3.43014526 24.13239670 348.60275269
4.66384888 24.04540443 349.84902954
3.45898438 23.56571388 348.57925415
4.69194031 23.47807121 349.82601929
3.71847534 22.99712753 348.29241943
4.38642883 22.93943214 349.29977417
3.74674988 22.42969131 348.26959229
3.77499390 21.86215401 348.24673462
3.93019104 21.31689072 347.19177246
3.69607544 21.16419983 348.26947021
3.95927429 20.74810600 347.16824341
4.29498291 20.71904755 347.67218018
4.21984863 20.17493439 346.87939453
4.32395935 20.15026283 347.64862061
4.24894714 19.60545158 346.85586548
3.85243225 19.43339157 348.10382080
4.50964355 19.03039551 346.56686401
3.70173645 18.76393700 348.22360229
4.53886414 18.46020889 346.54336548
4.22676086 17.76703072 346.83267212
3.75833130 17.62856293 348.17803955
4.45294189 17.14734268 346.55725098
4.01860046 17.05354118 347.89007568
5.09231567 16.73381996 345.93869019
4.27818298 16.47737122 347.60278320
4.77937317 16.04158974 346.22875977
4.30729675 15.90828800 347.57928467
4.46575928 15.35071659 346.51956177
4.33567810 15.33915234 347.55645752
5.07141113 14.89031887 345.91378784
4.36412048 14.77001858 347.53372192
5.16192627 14.24952221 345.77996826
4.78547668 13.62924862 346.18246460
4.58189392 13.06913185 346.42630005
4.23217773 12.80753803 347.55554199
5.54507446 12.45230865 345.33001709
4.26063538 12.23850060 347.53280640
5.33963013 11.89153290 345.57623291
4.79139709 11.21770096 346.13595581
4.31753540 11.10002899 347.48727417
4.47804260 10.53346729 346.42608643
4.50732422 9.96298504 346.40261841
4.53654480 9.39242363 346.37908936
4.56509399 8.82177830 346.35638428
4.59442139 8.25111294 346.33300781
4.75485229 7.67777443 345.26849365
4.85516357 7.66425705 346.04330444
5.01725769 7.08921528 344.97601318
5.11730957 7.07626820 345.75204468
5.04673767 6.51668453 344.95260620
4.57072449 6.41414356 346.30999756
4.85444641 5.69515514 345.02099609
4.49020386 5.71908092 346.33135986
2.48153687 5.14073181 346.78073120
2.07563782 30.09723282 348.32504272
2.09100342 29.53185081 348.28680420
2.68696594 27.68317986 348.39450073
6.24700928 27.42473602 350.64810181
2.68063354 26.97893715 348.81008911
5.67564392 26.87905693 350.48104858
2.67639160 26.41771698 348.42169189
5.69055176 26.31577110 350.44296265
3.31961060 25.82861328 349.20178223
5.70553589 25.75237846 350.40484619
3.31607056 25.26658058 348.81536865
3.94177246 25.24410057 349.63574219
5.10006714 25.21142578 349.54324341
5.70405579 25.19131470 350.01943970
3.29345703 24.70557594 348.07751465
3.92057800 24.68393326 348.90100098
5.70262146 24.62915039 349.63397217
3.32768250 24.13785172 348.38760376
3.93577576 24.11875343 348.86282349
4.54223633 24.09963799 349.33801270
5.70106506 24.06590843 349.24639893
3.34291077 23.57203674 348.34832764
3.95094299 23.55343437 348.82357788
4.55740356 23.53491783 349.29879761
5.71607971 23.50062561 349.20822144
6.31964111 23.48212433 349.68750000
3.94793701 22.98853493 348.43493652
5.68832397 22.80219460 349.27572632
3.96319580 22.42245865 348.39666748
4.55238342 22.40480995 348.52355957
5.14122009 22.38714409 348.65240479
3.96000671 21.85572052 348.00689697
3.97529602 21.28900909 347.96759033
4.58282471 21.27261162 348.44598389
5.12864685 21.12253571 348.68161011
3.93518066 20.71705627 346.87469482
3.96903992 20.15090370 347.18682861
4.59548950 20.13770866 348.01788330
3.96200562 19.49600410 347.33584595
4.56788635 19.43908501 348.08535767
3.93261719 18.75504875 347.67434692
4.54026794 18.74075890 348.15283203
3.98754883 17.74717903 347.13711548
4.57072449 17.60736275 348.07525635
3.95979309 17.04805183 347.20458984
4.60403442 17.04575348 348.38665771
3.99392700 16.48579025 347.51699829
4.60127258 16.47373199 347.99661255
3.99050903 15.91213131 347.12582397
4.59848022 15.90045547 347.60745239
3.98707581 15.33722210 346.73361206
4.63186646 15.33973980 347.91897583
4.00262451 14.76845264 346.69515991
4.60354614 14.64300632 347.98657227
4.01805115 14.19964123 346.65570068
4.03347778 13.63082981 346.61627197
4.62353516 13.61285591 346.74710083
4.03004456 13.05283260 346.22384644
4.63137817 12.93289948 347.51861572
4.62100220 12.24589634 347.93823242
4.07987976 11.92363930 346.49893188
4.61805725 11.66861916 347.54888916
4.05345154 11.26173782 346.29513550
4.63845825 11.17237377 346.96875000
4.63040161 10.52199078 347.11904907
4.64576721 9.95361710 347.08065796
4.62422180 9.36049080 346.33584595
4.65808105 8.80388451 346.64962769
4.67346191 8.23486710 346.61013794
4.67047119 7.65171146 346.21844482
4.66732788 7.06732655 345.82559204
4.68278503 6.49701881 345.78607178
4.59420776 5.61874962 346.19418335
-0.99807739 4.59950161 355.44573975
-0.42074585 4.52182102 356.08309937
1.92379761 4.53454494 357.04562378
-2.77165222 2.86722922 354.13226318
-2.74705505 2.22900319 354.86196899
-2.17147827 2.21039438 354.98489380
-1.63847351 2.07142758 355.21041870
6.95106506 28.39962387 349.70455933
7.40930176 28.53104401 349.28869629
6.49157715 27.71158028 350.07910156
6.99450684 27.70939636 349.76248169
5.48161316 26.59952164 349.85208130
6.48696899 26.59779358 349.99417114
6.98985291 26.59570122 349.67761230
5.47904968 26.04150772 349.80914307
6.23332214 26.04005051 349.72106934
5.47650146 25.48339653 349.76614380
6.23141479 25.48248482 349.67889404
7.23957825 25.47807503 349.04760742
4.71783447 24.92553902 349.81158447
5.47390747 24.92517853 349.72314453
6.22880554 24.92476463 349.63595581
6.98728943 24.91852570 348.77435303
3.10185242 24.62458801 348.96209717
3.86183167 24.62466240 348.87261963
5.47132874 24.36686897 349.68014526
6.22618103 24.36705208 349.59301758
6.98529053 24.36025620 348.73220825
3.85858154 24.06370926 348.82867432
5.97322083 23.80626678 349.32040405
6.47737122 23.80415916 349.00402832
3.49678040 23.43205261 348.48748779
4.59257507 23.32686806 348.75592041
5.71870422 23.24448204 349.04641724
6.47541809 23.24569321 348.96179199
2.83209229 22.92700577 347.81072998
5.46420288 22.68150139 348.77233887
6.22128296 22.68322945 348.68740845
5.96788025 22.11961746 348.41360474
3.38537598 21.67840195 348.29269409
4.14628601 21.68104553 348.20532227
4.95289612 21.55228233 348.22201538
5.45983887 21.55004692 347.90563965
3.93597412 20.98264885 348.03231812
4.95104980 20.99142647 348.17956543
5.45724487 20.98923874 347.86248779
4.69424438 20.42449570 347.90325928
3.93025208 19.85869789 347.94497681
4.69169617 19.86289024 347.86001587
5.40745544 19.98312950 346.89089966
3.92776489 19.29650116 347.90164185
4.68914795 19.30128860 347.81674194
3.92529297 18.73430061 347.85827637
4.68661499 18.73968506 347.77346802
3.92279053 18.17200279 347.81491089
4.68484497 18.17783356 347.73086548
5.44656372 18.16538048 346.86553955
5.95552063 18.16319466 346.55136108
3.66413879 17.60095596 347.53735352
4.68231201 17.61603546 347.68756104
5.44464111 17.60302162 346.82302856
4.67982483 17.05413246 347.64425659
5.44273376 17.04057312 346.78045654
4.67733765 16.49213600 347.60089111
4.16543579 15.90954304 347.09027100
5.43916321 15.89279747 345.91030884
4.27893066 15.26399326 347.19439697
4.92736816 15.35494900 346.96624756
5.43724060 15.32914257 345.86773682
5.43531799 14.76538754 345.82513428
4.92304993 14.22950268 346.88027954
5.43338013 14.20153522 345.78250122
3.94619751 13.51548767 346.78662109
4.96638489 13.53829670 346.94107056
5.47679138 13.50894928 345.84454346
3.99018860 12.82343006 346.84811401
4.75469971 12.83423138 346.76760864
5.52023315 12.81676102 345.90667725
4.75213623 12.27123165 346.72427368
3.98516846 11.69603825 346.76126099
4.75035095 11.70798111 346.68161011
5.77043152 11.70376396 346.05673218
3.98269653 11.13234234 346.71777344
4.74780273 11.14488220 346.63821411
3.98025513 10.56854725 346.67428589
4.74600220 10.58153343 346.59552002
6.02076721 10.59266186 346.20690918
4.74345398 10.01823711 346.55212402
4.48588562 9.43844509 346.27423096
5.50692749 9.46905422 346.43273926
4.62191772 8.78007507 346.40884399
5.50509644 8.90614128 346.39010620
3.96936035 8.27556992 345.71685791
3.96755981 7.71035671 345.67401123
4.50054932 7.11914730 346.15505981
5.54469299 7.09127903 346.36730957
4.56642151 6.36657047 346.27001953
5.58720398 6.40281582 346.42910767
4.30787659 5.78297520 345.99142456
5.58531189 5.84005260 346.38653564
6.17614746 5.11094666 347.79495239
-0.80403137 3.62404323 355.52560425
6.36361694 28.84351921 349.86187744
6.93783569 28.92215157 349.24258423
6.21836853 28.28759575 350.40823364
6.67802429 28.29834175 349.81439209
7.13870239 28.30920792 349.22201538
5.86537170 27.72695923 350.39471436
6.61827087 27.65761948 349.81375122
7.22505188 27.62883377 349.22814941
7.35359192 27.63211632 348.65310669
5.84660339 27.17365837 350.36380005
7.31040955 26.94878006 349.23437500
5.49360657 26.61122131 350.35025024
5.36021423 25.98815918 350.34667969
6.37583923 25.95140076 349.74475098
6.83757019 25.96424675 349.15219116
7.30029297 25.97710609 348.56112671
7.32667542 26.10867882 347.94924927
6.46217346 25.27061844 349.75097656
6.92396545 25.28395844 349.15859985
4.89512634 24.93115044 349.71298218
6.57290649 24.72101021 349.14410400
6.70341492 24.72417068 348.56845093
6.83392334 24.72741127 347.99322510
6.96640015 24.73058510 347.41839600
5.31768799 24.25912094 349.70266724
6.22085571 24.15698624 349.12973022
6.68463135 24.17146111 348.53775024
6.81608582 24.17457581 347.96255493
5.53346252 23.57998657 349.13174438
6.33251953 23.60675621 348.52279663
6.79833984 23.62173843 347.93182373
5.28555298 22.72559357 348.99411011
5.62730408 22.47406960 348.49288940
6.76278687 22.51577187 347.87036133
4.38818359 22.13416862 348.43295288
5.74096680 21.92261314 347.88540649
4.03096008 21.56369400 348.41775513
5.72315979 21.36788177 347.85458374
4.45658875 20.89371490 348.40933228
5.70533752 20.81305313 347.82369995
5.77342224 20.80846596 346.11056519
5.68748474 20.25812340 347.79281616
5.41920471 20.23809052 346.09356689
6.07513428 19.71310234 346.03543091
5.31539917 19.13216400 347.74633789
5.72090149 19.14213181 346.01840210
5.29756165 18.57653618 347.71536255
5.70408630 18.58647156 345.98760986
4.94328308 18.00380707 347.69964600
5.68721008 18.03081322 345.95684814
4.24955750 17.41244507 347.69943237
5.39738464 17.46844864 347.07708740
5.67036438 17.47515869 345.92599487
4.23165894 16.85502052 347.66833496
5.04306030 16.89443970 347.06091309
5.51597595 16.91593170 346.47042847
5.99000549 16.93733406 345.88159180
4.21379089 16.29750061 347.63723755
5.02519226 16.33801270 347.02990723
5.85461426 16.27084732 345.89086914
4.19587708 15.73997974 347.60610962
4.17799377 15.18236065 347.57498169
4.99044800 15.22494030 346.96786499
4.92695618 15.21213818 345.82983398
4.34339905 14.54833031 347.56524658
5.07777405 14.54382992 346.97668457
5.57368469 14.49851227 345.83880615
4.69314575 13.83906078 347.57702637
5.16616821 13.86309147 346.98559570
5.77770996 13.89057064 345.82131958
5.14830017 13.30676556 346.95462036
5.76187134 13.33479214 345.79040527
5.13143921 12.75031471 346.92361450
5.74400330 12.77895737 345.75964355
4.77500916 12.17134857 346.90756226
6.06375122 12.24544239 345.71508789
4.75811768 11.61430168 346.87649536
6.04687500 11.68998623 345.68426514
4.74024963 11.05717659 346.84545898
5.69444275 11.11096859 345.66702271
4.72332764 10.49993134 346.81433105
6.01419067 10.57875061 345.62255859
4.55120850 9.84460449 346.82031250
5.92071533 9.86146069 345.64898682
6.52569580 9.24806309 345.62872314
4.76005554 8.14859581 346.73074341
4.89959717 8.15206528 346.15570068
5.59774780 8.13391399 345.58102417
4.98800659 7.47300720 346.16586304
5.80285645 7.52997398 345.56387329
4.63243103 6.88853931 346.14938354
5.44934082 6.94671249 345.54678345
4.61550903 6.33082962 346.11837769
5.43243408 6.39008808 345.51593018
4.59759521 5.77308559 346.08737183
5.75329590 5.86171532 345.47119141
1.94502258 4.33789635 357.11651611
2.98762512 4.40194893 355.32531738
4.03836060 4.46690845 353.54391479
4.16679382 4.46924591 352.96633911
4.42674255 4.47422886 351.81231689
10.18992615 4.61493111 341.47628784
10.44238281 4.83419514 340.83740234
10.69631958 4.71894455 340.31738281
11.30630493 4.68683147 339.77148438
11.76451111 4.66702366 339.22198486
11.91912842 4.67180157 338.66229248
12.07479858 4.67666340 338.10308838
12.23146057 4.68161964 337.54437256
12.74211121 4.76966190 336.96228027
13.36875916 4.76474762 336.41659546
2.13780212 3.54204011 357.16122437
2.93257141 3.60349822 356.53048706
4.51222229 3.79895377 351.82055664
3.45541382 3.80649495 350.12628174
3.37719727 4.04929924 349.46707153
3.51367188 4.05240250 348.88958740
3.65016174 4.05562878 348.31256104
4.30989075 4.01883698 347.74206543
4.70999146 4.00216007 347.17016602
5.08288574 4.15560627 346.53918457
5.70368958 4.19290924 345.37850952
5.99176025 4.20072842 344.23443604
6.72398376 4.11856747 343.12313843
6.87152100 4.12277794 342.55349731
7.25254822 4.27750111 341.93136597
3.43646240 3.24818873 350.09466553
3.90971375 3.28163600 349.49938965
4.52143860 3.31835437 348.33016968
4.65896606 3.32161260 347.75509644
4.79844666 3.32496524 347.18048096
5.27574158 3.35892606 346.59124756
5.75402832 3.39302802 346.00354004
5.89654541 3.39670730 345.43130493
6.18461609 3.40437675 344.28823853
6.33116150 3.40833211 343.71734619
7.14929199 3.47344804 343.12362671
4.22955322 2.75487590 349.44995117
4.36604309 2.75793910 348.87420654
4.50354004 2.76112151 348.29882813
5.59561157 2.83336711 346.54516602
5.73812866 2.83696103 345.97259521
5.88067627 2.84068656 345.40048218
6.98690796 2.91450381 343.66241455
7.13446045 2.91864610 343.09323120
7.28204346 2.92290854 342.52447510
2.86877441 2.12056422 352.34399414
7.93780518 2.43104100 342.47225952
8.08741760 2.43547487 341.90518188
9.46586609 2.39776921 339.66918945
9.51708984 2.52210784 339.06213379
9.67375183 2.52750087 338.49963379
9.78329468 2.77745652 337.28701782
10.97200012 2.61164451 336.24359131
11.42146301 2.55805469 335.71096802
5.20217896 29.09009552 348.30325317
7.33515930 28.34069633 349.43182373
7.09376526 27.77457809 349.67007446
7.42982483 27.81540298 348.43322754
7.07125854 27.22270966 349.66052246
7.18933105 27.24979591 348.66952515
6.82977295 26.65499115 349.89871216
7.26901245 26.57430267 348.61138916
7.16793823 26.58670235 347.87075806
6.80792236 26.10232353 349.88839722
6.46301270 25.54619026 349.38363647
6.22052002 24.97598839 349.62219238
6.66394043 24.90053558 348.33337402
6.74470520 24.22502327 348.27484131
6.86552429 24.25741005 347.28659058
6.94325256 23.69186783 348.01684570
6.62440491 23.68842506 347.52230835
6.26124573 23.08382988 348.74932861
6.60336304 23.13724518 347.51138306
5.43360901 23.10824776 346.26858521
6.14088440 22.54705429 347.99530029
5.19084167 22.53699875 346.50405884
5.61361694 22.02474976 346.00067139
5.33666992 21.39768028 347.97335815
5.68551636 21.45598793 346.73361206
5.59265137 21.47326851 345.98986816
5.44229126 20.88293266 346.97009277
5.57165527 20.92178345 345.97900391
5.42121887 20.33035278 346.95916748
5.65420532 20.24793434 345.92086792
4.82774353 19.69247437 348.43826294
5.17861938 19.75549698 347.19485474
4.80656433 19.13759804 348.42724609
5.15751648 19.20221901 347.18389893
4.78468323 18.58272552 348.41687012
5.13182068 18.55992508 347.22381592
5.59120178 18.59329224 345.88821411
5.89431763 17.94391060 345.58529663
5.96520996 17.37198448 346.31726074
5.87330627 17.39283180 345.57443237
5.13664246 16.81851578 347.16040039
5.85299683 16.84164619 345.56283569
5.25883484 16.19267464 347.03564453
5.61080933 16.26519585 345.79751587
5.45974731 15.66518307 346.77713013
5.58975220 15.71341801 345.78659058
4.99382019 15.05944157 347.26193237
5.34747314 15.13527012 346.02124023
4.97329712 14.50556660 347.25012207
5.32640076 14.58279324 346.01025391
4.95210266 13.95149136 347.23910522
5.63058472 13.93799496 345.70697021
4.70748901 13.36933994 347.47705078
5.93484497 13.29449558 345.40374756
4.68624878 12.81456566 347.46597290
6.35462952 12.79997540 344.90292358
4.80938721 12.18991470 347.34072876
5.50929260 12.20802498 345.77331543
5.65129089 11.61108208 345.61593628
5.63015747 11.05910587 345.60498047
5.03384399 10.38813686 347.07995605
5.38795471 10.47655201 345.83966064
5.01260376 9.83396435 347.06887817
5.58860779 9.95495129 345.58227539
4.99136353 9.27973080 347.05780029
5.67213440 9.28514385 345.52502441
4.97010803 8.72542858 347.04669189
5.10414124 8.78647614 346.05163574
4.94885254 8.17106724 347.03558350
4.86054993 8.20046711 346.28781128
4.92758179 7.61664581 347.02444458
5.27662659 7.55227757 345.87582397
5.47221375 6.92598534 345.68017578
5.77722168 6.29121208 345.37768555
7.84141541 5.80361652 343.99868774
5.86125183 5.62316608 345.32092285
10.89166260 4.58070278 335.32052612
8.38793945 4.11881542 333.84692383
3.76894999 29.39640045 347.84298706
3.18956995 29.34679985 347.46099854
3.20254993 28.71290016 347.28298950
4.33424997 28.20840073 347.20199585
3.19408989 28.15760040 347.28900146
7.29640007 27.69540024 348.81100464
5.57000017 27.62549973 348.79000854
4.94629002 27.73220062 348.77899170
4.32564020 27.65349960 347.20800781
3.20438004 27.58629990 347.63000488
7.28751993 27.13909912 348.81799316
4.97890997 27.05069923 348.67700195
4.31700993 27.09860039 347.21499634
7.26485014 26.54619980 348.26998901
6.67021990 26.49169922 347.59600830
4.39136982 26.29640007 347.00399780
7.28272009 25.83200073 347.61401367
6.70210981 25.81380081 347.49499512
6.69326019 25.25909996 347.50299072
7.31063986 24.68549919 348.29598999
6.70670986 24.68580055 347.84399414
6.06313992 24.80890083 347.49798584
4.36546993 24.63209915 347.02398682
6.69781017 24.13039970 347.85198975
4.35679007 24.07719994 347.03100586
7.32065010 23.63750076 349.42800903
6.71130991 23.55529976 348.19400024
6.04329014 23.61520004 346.73999023
4.34807014 23.52210045 347.03698730
6.03436995 23.06119919 346.74700928
4.33933020 22.96699905 347.04400635
6.06860018 22.46590042 347.41900635
4.33057022 22.41180038 347.04998779
6.12985992 21.73460007 347.50399780
4.96362019 21.73159981 347.40701294
4.36402988 21.73480034 346.94799805
4.97604990 21.07640076 346.97100830
4.39755011 21.05820084 346.84698486
5.50465012 20.73730087 347.98699951
5.53809023 20.08489990 348.14498901
4.95838022 19.96619987 346.98498535
5.57115984 19.38240051 347.78298950
4.94950008 19.41090012 346.99200439
5.51798010 18.72929955 345.57901001
5.50905991 18.17630005 345.58599854
5.50052977 17.66979980 346.10598755
5.53418016 17.01930046 346.26300049
5.52518988 16.46500015 346.26998901
5.49460983 15.93719959 345.94400024
5.52865982 15.32929993 346.61499023
5.51960993 14.77439976 346.62200928
5.51023006 14.15740013 345.85699463
5.52266979 13.57499981 346.19699097
5.51324987 12.96109962 345.43200684
5.53697014 12.39229965 346.32199097
5.53859997 11.79389954 346.10900879
5.52947998 11.23939991 346.11499023
5.52023983 10.68480015 346.12100220
5.53294992 10.09829998 346.46099854
5.52367020 9.49158001 345.69601440
5.51426983 8.88728046 344.93399048
5.50510979 8.33430958 344.94100952
5.56177998 7.67973995 345.94000244
5.53052998 7.15951014 345.61499023
5.54327011 6.52567005 345.18399048
12.05720043 6.00676012 335.93499756
11.47130013 6.02159023 335.50500488
8.67364979 5.88465977 334.17498779
5.55604982 5.89319992 344.75299072
10.98449993 5.24630022 335.19400024
8.65756989 5.30892992 333.46600342
13.21380043 4.90245008 336.80801392
10.94859982 4.74542999 334.89099121
13.28489971 4.14593983 336.61700439
12.70460033 3.56408000 336.02600098
12.14070034 3.53217006 335.66699219
11.48700047 3.69352007 335.02700806
10.33889961 3.72761011 334.67800903
8.65375996 3.67069006 333.79199219
10.33689976 3.15587997 334.48098755
