3.48439050 17.22392273 349.06854248
2.48004127 16.40201378 350.41287231
3.46439815 15.97608662 348.97756958
2.49312496 15.83833218 350.42123413
3.47798347 15.41331196 348.98684692
2.50694108 15.27456570 350.43032837
3.44463301 14.72907066 348.88629150
3.49711728 13.52635193 349.68325806
2.43103433 13.41753101 349.45755005
3.33461714 12.37388134 349.51593018
3.22937775 11.73780155 349.37649536
4.00252151 11.18257046 349.27761841
3.24296451 11.17442417 349.38580322
4.01621675 10.61859417 349.28686523
2.99498343 10.63608456 349.17163086
4.02977467 10.05451202 349.29623413
4.44773054 9.28459167 348.75241089
4.14271736 8.83567619 348.53897095
4.21295214 8.18414307 348.54931641
4.22635555 7.62070894 348.55865479
3.97801757 7.08549500 348.34631348
4.98508215 6.58828878 347.69351196
4.48851061 6.55530167 348.02508545
3.99084020 6.52243090 348.35498047
3.51843667 6.39921379 349.45938110
4.95257759 5.90777206 347.59341431
4.45551825 5.87473297 347.92407227
4.00428867 5.95929670 348.36444092
4.42324114 5.19452810 347.82379150
-2.14012957 -6.73896599 333.48822021
4.43671989 4.63166428 347.83319092
3.15693641 4.68999100 347.50097656
5.25616741 4.18767691 347.84368896
4.45012236 4.06873083 347.84271240
3.95290947 4.03580618 348.17208862
5.22386074 3.50728631 347.74334717
4.46352482 3.50572991 347.85217285
3.96632719 3.47282529 348.18154907
4.70758772 2.80470562 344.79452515
4.92801571 2.85975051 347.42138672
4.47695875 2.94265842 347.86160278
3.41170549 2.85791636 347.63879395
8.38653088 1.93983340 336.45343018
2.62175155 30.99247169 347.47174072
1.93088078 31.08209610 348.15509033
2.51974201 30.84751129 349.80889893
2.54282331 30.39298248 348.05685425
2.91720128 29.83151054 348.02615356
2.94869614 29.26819229 348.02062988
3.14308953 29.24583626 349.78973389
3.32515407 28.70489502 347.98989868
3.33177328 28.59405518 349.73904419
3.35570455 28.14083481 347.98449707
3.38624072 27.57658005 347.97909546
3.00174737 27.55273056 349.78878784
3.07178068 27.01359749 347.99908447
3.07643461 26.90113068 349.74606323
2.77214622 26.15343857 348.49636841
2.99766946 26.20679283 349.69601440
3.31816196 24.58786964 348.49917603
2.74923968 24.42524529 349.06976318
3.24038649 23.89446449 348.44958496
2.92575121 23.33468437 348.46939087
3.30147529 22.76534462 348.43893433
3.33205795 22.20068550 348.43359375
3.01545143 21.64221191 348.45367432
2.44719005 21.48377037 349.02276611
2.36934781 20.79287338 348.97265625
3.76906204 20.49872589 348.39254761
3.34489965 19.81415749 348.36776733
2.77464986 19.65782356 348.93716431
3.26699805 19.12247276 348.31753540
2.80518603 19.09366798 348.93182373
3.29753518 18.55770683 348.31231689
3.32808805 17.99284172 348.30718994
2.86529708 17.96499634 348.92132568
3.35867143 17.42797852 348.30197144
2.89485645 17.40059471 348.91610718
3.38927031 16.86291122 348.29681396
2.92539334 16.83613396 348.91091919
4.14432383 15.70899296 348.23495483
2.29361844 15.73037338 348.95053101
3.98571086 15.06343842 348.20791626
3.33258462 14.95894432 348.80075073
2.43743515 14.77967167 350.56533813
3.63992453 14.33957767 348.15908813
3.52147841 14.30181885 348.74792480
3.55110192 13.73621655 348.74267578
4.04769182 13.19424152 348.12261963
3.23617268 13.18471813 348.76293945
2.64859104 13.12364483 349.96258545
4.07833910 12.62807655 348.11752319
3.26571918 12.61951160 348.75778198
2.67720556 12.55899715 349.95730591
3.64195728 12.03908062 348.72714233
3.05330610 11.97894478 349.92764282
3.67255855 11.47321701 348.72204590
3.42963767 11.39778709 349.89804077
3.70216799 10.90720844 348.71688843
3.58169174 10.86948490 349.30502319
3.11252165 10.84823895 349.91711426
4.20088577 10.36221600 348.09707642
3.73275352 10.34124660 348.71176147
3.61128592 10.30348206 349.29983521
2.68777823 10.17673492 349.88958740
3.64095640 9.73737907 349.29464722
4.26120663 9.22887230 348.08706665
3.79305673 9.20893764 348.70153809
3.67058158 9.17119312 349.28952026
4.18216896 8.53977108 348.03543091
3.71400285 8.52039623 348.64984131
3.24577403 8.50116253 349.26260376
4.10412264 7.85106945 347.98385620
3.63592434 7.83225107 348.59802246
3.16766357 7.81358051 349.21066284
4.60193205 7.30303955 347.36312866
4.13470984 7.28456831 347.97869873
3.66553354 7.26626348 348.59298706
3.19727182 7.24814415 349.20550537
4.98139000 6.71576691 347.33087158
4.16537285 6.71800089 347.97372437
3.69618058 6.70024776 348.58786011
3.22688007 6.68263960 349.20031738
4.66329241 6.16871023 347.35321045
4.19503021 6.15130854 347.96871948
3.72574449 6.13411856 348.58276367
3.25647306 6.11707067 349.19522095
4.69401884 5.60143328 347.34826660
4.22575474 5.58459377 347.96371460
3.75541544 5.56791353 348.57772827
3.28612733 5.55142546 349.19009399
4.72468424 5.03409433 347.34335327
4.25536633 5.01776218 347.95874023
3.78604770 5.00168276 348.57269287
5.10420942 4.44438696 347.31106567
4.28603077 4.45091629 347.95376587
3.81568837 4.43535805 348.56768799
4.94544697 3.80383110 347.28390503
3.73650742 3.74878430 348.51538086
3.15827179 3.61380720 349.07998657
4.59809160 3.09169531 347.23437500
4.12875414 3.07704139 347.84939575
3.65830231 3.06261420 348.46295166
6.06164646 2.34623361 335.29489136
5.92361403 2.38381410 335.92437744
5.19960022 2.16780615 336.48611450
4.75123262 2.24501157 337.15634155
4.53803349 2.08753872 337.70190430
4.94824839 2.28754234 338.35983276
4.54408741 2.24334407 338.96896362
4.28136921 2.29858303 339.61087036
3.76118493 2.14120984 340.17611694
3.42644906 2.05478573 340.75823975
-6.32503462 -7.64751911 343.11581421
-7.18817520 -7.67510176 344.32037354
0.47238189 1.67261863 352.03472900
0.37663496 1.89487529 352.72637939
-0.07323582 1.83037949 353.30355835
-0.41759336 1.55581307 353.78463745
-0.34156007 1.75758028 354.46035767
-0.47730210 1.72136211 355.03814697
-1.01495004 1.56227946 355.57171631
-0.89145762 1.61311483 356.76922607
-1.25573587 1.53043175 357.32882690
-2.08175778 1.54497862 357.93750000
-4.10797787 -7.22964382 331.79113770
-4.71321249 -7.30511713 332.38711548
-4.81866312 -7.34996748 332.95758057
-4.78630066 -7.29298306 333.58355713
-4.89384317 -7.33753109 334.15380859
-4.86352634 -7.28013134 334.78002930
-5.72336531 -7.36978769 335.38034058
-5.83486128 -7.41386700 335.94906616
5.50948668 1.73977971 343.73159790
5.05365562 1.59888673 344.29553223
5.38557243 1.78184628 344.95739746
5.15929651 1.62402129 345.50067139
5.03990602 1.58563542 346.08972168
3.62271762 1.32664394 349.03366089
3.25804782 1.43332124 349.69256592
2.67566800 1.30166459 350.25405884
-9.79325867 -8.05856323 348.04754639
2.45846725 31.77217484 349.45605469
2.04774427 31.27535439 348.16772461
2.15491629 31.23715782 348.92913818
2.44951940 30.11706734 348.61514282
3.17501402 29.57526779 347.80197144
2.81745458 29.52312469 349.08996582
3.20785165 29.00875664 347.77499390
3.08113647 28.96526909 348.80181885
3.24007940 28.44218063 347.74871826
3.11328554 28.39969444 348.77551270
3.09585524 27.76578903 347.86282349
3.14210534 27.66477203 349.55810547
3.02630329 20.60219574 348.75732422
2.91135740 19.94975471 348.84741211
3.17512226 19.38243103 348.55853271
3.43832588 18.81393051 348.27029419
3.07095480 18.18670273 348.65951538
3.16599536 17.55442047 348.52362061
3.30114365 16.39414406 348.37551880
2.76054311 16.27690697 349.80401611
3.15508342 15.72648335 348.48992920
2.79278135 15.71243191 349.77792358
2.82427216 15.14778996 349.75256348
2.81429458 14.99572754 350.55911255
3.45130062 14.58788586 348.17459106
3.08647466 14.57687473 349.46594238
3.48368168 14.02100945 348.14846802
3.11862373 14.01149654 349.43981934
3.51609373 13.45403004 348.12234497
3.23363304 13.35618496 349.26821899
3.02727175 13.25614357 350.32305908
3.54849029 12.88695717 348.09625244
3.64525104 12.86495876 348.86422729
2.83477545 12.61239910 350.49920654
3.67692995 12.29831982 348.83886719
3.60154462 11.60450554 348.85620117
3.12868690 11.47514534 350.18734741
3.52679873 10.91115856 348.87283325
3.16013217 10.91040516 350.16201782
3.89829087 10.46141911 348.54095459
3.04388762 10.26506424 350.25143433
3.97172379 9.84842682 348.44177246
3.45420313 9.77005577 349.85000610
3.75839615 9.21931934 347.76379395
3.62305403 9.21184444 348.79516602
3.48577237 9.20460701 349.82455444
3.65546465 8.64529610 348.76904297
3.68725038 8.07867908 348.74371338
4.32067347 7.49024916 347.15557861
3.48759270 7.52484035 348.98101807
4.12045622 6.93480682 347.39483643
3.41174340 6.83364868 348.99804688
4.38579655 6.35228586 347.10333252
2.87618852 6.17118645 349.53775024
4.18557644 5.79779720 347.34268188
3.13764811 5.59161711 349.25115967
3.80642295 5.15077209 347.72137451
3.54915595 5.08873367 348.84738159
3.80080462 4.42765379 347.64190674
3.43216062 4.44482517 348.93768311
3.06476450 3.84145498 349.32598877
3.75698709 3.16866064 347.63247681
3.38828969 3.18930197 348.92852783
2.83253598 15.02694130 349.92712402
2.87386823 14.58735847 349.43341064
2.89594722 14.13931465 348.59466553
3.49119544 13.33019447 350.27838135
3.49068046 12.75977802 349.89199829
3.52772808 12.20515060 350.19561768
3.50340629 11.51489162 350.25775146
3.52687407 11.06083679 349.42260742
3.51654220 10.41213226 349.45016479
3.58192658 9.36914730 349.29815674
3.53808618 8.66657543 349.01498413
4.09775925 8.53586960 349.60037231
3.54968262 6.84680939 348.99710083
4.15258217 6.84477663 349.47705078
3.56812096 6.28244352 348.95559692
3.60550952 5.73241138 349.26150513
3.62388611 5.16845655 349.22006226
3.64232421 4.60437727 349.17956543
3.63319659 3.94695544 349.36090088
-1.44688261 2.59888291 358.25021362
-0.85437423 2.59939361 358.70437622
-0.28576297 2.58349061 358.83200073
1.41761541 2.53636885 359.22204590
2.01768780 2.58228588 359.57577515
3.59095836 3.22698426 349.30712891
-1.45173669 2.03354406 357.88119507
0.25714964 1.98568940 358.26516724
0.86853224 2.00451207 359.05096436
2.60876179 1.99236131 360.10119629
0.27541381 1.43727231 358.22470093
2.66701841 13.86939716 350.50851440
3.62915754 13.99453259 349.76904297
4.13385439 13.99359608 349.45166016
3.67401147 13.30719376 349.82763672
4.17849493 13.30613995 349.51049805
2.66424584 12.74941254 350.42001343
3.16787434 12.74828339 350.10089111
3.67257190 12.74714375 349.78347778
4.17772627 12.74613953 349.46707153
2.66288257 12.18927288 350.37573242
3.16716743 12.18819141 350.05743408
3.67183447 12.18704700 349.74008179
4.43057919 12.20037079 349.65365601
3.16575861 11.62804890 350.01324463
3.67036462 11.62690067 349.69595337
4.42906189 11.64082241 349.60955811
2.90906978 11.05237770 349.73922729
3.66961217 11.06670856 349.65249634
4.68187952 11.09644985 349.79620361
3.66885996 10.50641727 349.60900879
4.17380142 10.50539780 349.29281616
2.65177131 9.91412067 349.42150879
3.66746688 9.94606781 349.56481934
4.17309475 9.94510078 349.24938965
2.65039611 9.35262966 349.37719727
3.45693421 9.24308205 349.39370728
4.40152550 9.22876263 349.49624634
3.50198364 8.55694675 349.45364380
4.26223135 8.57358074 349.36877441
4.76847124 8.04990578 349.78460693
2.73854232 7.41796684 349.45181274
3.24470472 7.41680908 349.13580322
4.51378584 7.47205687 349.51132202
3.24397039 6.85547638 349.09225464
4.51298666 6.91235065 349.46795654
2.73646283 6.29522657 349.36386108
3.24250317 6.29412413 349.04797363
4.51221848 6.35258198 349.42453003
3.24179959 5.73267460 349.00442505
4.51216745 5.79269791 349.38180542
3.24028730 5.17114162 348.96020508
4.76450014 5.25362635 349.56787109
3.49544525 4.63101959 349.14767456
4.51064587 4.67287588 349.29495239
2.98306561 4.02599096 348.64196777
3.58309364 3.26294661 349.26736450
4.85167599 3.32947922 349.64419556
5.81815147 2.98463297 350.41519165
2.74373031 1.74066973 359.49139404
3.57136202 31.03704453 348.85696411
3.66135025 30.34874725 348.86322021
3.07413507 29.64628983 348.90167236
3.76775241 28.65391922 348.77148438
3.70022917 27.98917580 348.77667236
4.08493423 27.30986214 350.49188232
4.02304125 27.44107437 348.72964478
4.17401457 26.62470436 350.49786377
4.00565290 26.88422394 348.69863892
3.98928857 26.32715034 348.66766357
4.00144434 25.59457397 348.69241333
4.12192249 24.95616913 350.40454102
4.24917984 24.95986366 349.82443237
4.10357237 24.39994812 350.37341309
4.08618307 23.84350777 350.34225464
4.21443224 23.84707642 349.76220703
4.06884003 23.28696442 350.31103516
4.19707394 23.29063416 349.73104858
4.17971611 22.73398972 349.69989014
4.16234255 22.17735100 349.66870117
4.96617508 22.20924187 349.05627441
4.14495420 21.62060928 349.63745117
3.72886300 21.59849739 348.51113892
3.84446073 20.96571350 350.22308350
4.12857342 21.06374359 349.60623169
4.93244648 21.09772873 348.99401855
4.91607952 20.54176903 348.96286011
4.09379816 19.94987106 349.54370117
4.89972687 19.98580551 348.93164063
3.86367178 19.20998383 350.15466309
4.18296576 19.26677322 349.55068970
4.31423616 19.27032471 348.97177124
3.80451250 18.56318855 350.15475464
4.40337276 18.58760834 348.97915649
4.12548780 18.02382469 350.10556030
4.10809994 17.46689224 350.07421875
4.36960411 17.47390556 348.91674805
3.75236773 16.89098740 350.06066895
4.22096062 16.91342926 349.46401978
4.35221624 16.91696739 348.88552856
4.20355749 16.35639763 349.43270874
4.33585072 16.35990715 348.85427856
4.18720770 15.79923630 349.40133667
3.36174679 15.19741821 349.98410034
4.16982079 15.24210262 349.36996460
3.78931284 14.53627014 349.97387695
4.25898457 14.56077290 349.37777710
4.18219233 12.76245213 349.90090942
4.31442451 12.76584530 349.32290649
3.82631803 12.18204403 349.88732910
4.29703760 12.20871067 349.29156494
3.00070548 11.57316208 350.47158813
3.80992389 11.62429237 349.85583496
4.28065729 11.65155697 349.26016235
3.32273674 11.03871822 350.42147827
3.79247689 11.06646347 349.82440186
4.26327038 11.09422398 349.22875977
2.96482468 10.45543480 350.40835571
3.77510667 10.50853634 349.79287720
4.24686003 10.53687000 349.19735718
3.28693032 9.92189026 350.35824585
3.75770617 9.95060539 349.76135254
4.33609581 9.85751152 349.20587158
4.36375046 9.98305416 348.58874512
4.33094597 8.86809349 348.52593994
3.35990405 8.09281540 349.73971558
4.39159393 8.06415558 349.15170288
4.42022657 8.18907928 348.53485107
4.55651855 8.19270706 347.95849609
4.79941654 8.07483959 347.42324829
3.56376934 7.44813776 349.73321533
4.37417603 7.50692368 349.12033081
4.50947571 7.51041937 348.54382324
4.98332977 7.54160976 347.95156860
3.54635453 6.88975954 349.70166016
4.35778093 6.94960022 349.08886719
4.49308062 6.95313263 348.51245117
4.96691847 6.98486710 347.92031860
3.52897000 6.33133268 349.67010498
4.34140110 6.39222622 349.05746460
4.47668648 6.39577532 348.48110962
4.61395454 6.39940357 347.90521240
3.51157045 5.77283669 349.63851929
4.32399893 5.83480501 349.02600098
4.46029186 5.83837032 348.44976807
4.59757471 5.84203482 347.87390137
3.15650821 5.18448591 349.62481689
4.30762005 5.27731276 348.99450684
4.44392681 5.28090382 348.41836548
4.91882896 5.31429529 347.82650757
3.12162066 4.06614685 349.56158447
4.27483082 4.16214037 348.93154907
4.51679373 4.04615402 348.39660645
4.54839087 4.16956758 347.77996826
4.13214922 3.33423662 348.99926758
4.60709286 3.36925650 348.40625000
6.60575485 3.00285077 348.27481079
3.02862382 1.58642030 360.09756470
2.80063510 1.88513970 359.42379761
2.70738220 2.12094808 358.76736450
3.48135686 1.80368114 358.27560425
4.23232698 1.79372025 357.67382813
4.38901997 1.87110209 357.06643677
3.64126801 2.23564315 356.39093018
4.46633101 1.76350403 355.96017456
4.82128620 2.01103544 355.28463745
4.78123236 1.99677420 354.71942139
5.11136389 2.09560609 354.10174561
3.81982470 2.47838545 350.56658936
3.54728246 2.42423081 348.87142944
5.17111635 2.39369392 345.43112183
5.20872498 2.51745200 344.81582642
6.03048086 2.58671188 344.21771240
8.79491329 2.43731236 342.56765747
9.08910084 2.27595377 342.06216431
9.96557045 2.27444005 341.50250244
9.62744617 2.60855031 340.25527954
10.02908897 2.46594453 339.74688721
10.47347832 2.41356063 339.20809937
10.42342281 2.65712452 338.55920410
10.57985687 2.66277432 337.99789429
10.65174294 2.48805904 337.49981689
12.96525955 -7.98991299 362.69039917
13.68077278 -7.92099571 362.05914307
14.12792301 -7.64957428 361.32720947
13.90730000 -7.73345041 359.71810913
14.76303864 -7.76568031 359.14657593
3.88058162 1.68010902 351.19238281
3.90813828 1.80189610 350.57513428
3.83897734 1.77583385 349.44015503
4.30514860 1.61797571 348.91714478
4.55792284 1.69725585 348.31216431
5.40573215 1.72145176 344.86965942
3.66084719 31.53022766 349.28280640
3.64116025 30.97430420 349.27175903
3.54417634 30.98354912 348.52282715
3.62074089 30.41837883 349.26138306
3.52380180 30.42812538 348.51251221
3.60033727 29.86225700 349.25100708
3.50411439 29.87249947 348.50143433
3.72537279 29.22637177 349.12316895
3.77300119 29.15744400 348.25869751
4.12223005 28.53773308 347.88275146
4.18613577 28.20044327 350.21627808
4.10185337 27.98330879 347.87240601
4.11404228 27.53378868 350.31692505
4.17111540 27.53022385 349.40676880
3.84999180 27.52667236 348.90740967
3.63298154 27.39701653 348.35958862
4.25496101 26.84871864 349.34661865
4.15819788 26.86135674 348.59790039
3.91350889 26.28934097 348.83700562
4.08834457 25.70608330 350.32571411
4.21462488 25.73718262 349.32492065
3.89373040 25.73351860 348.82583618
4.06775951 25.14916801 350.31512451
4.19405270 25.18136406 349.31439209
4.09745455 25.19559479 348.56585693
4.04712915 24.59225273 350.30459595
4.17349625 24.62534523 349.30389404
4.07762909 24.64007568 348.55465698
4.15361071 24.06932831 349.29260254
3.83283877 24.06566238 348.79364014
4.13299322 23.51321411 349.28204346
3.81296921 23.50944138 348.78240967
3.49392056 23.50586510 348.28228760
4.41257620 22.80053329 350.72290039
4.09004974 22.79660416 350.22357178
3.99286628 22.81287956 349.47305298
3.89742208 22.82921982 348.72286987
4.17433596 22.11568451 350.16390991
4.30157757 22.15307236 349.16265869
4.20604134 22.16989326 348.41372681
4.28099108 21.59715652 349.15209961
4.18548346 21.61447716 348.40325928
4.13301420 21.00155830 350.14263916
4.26037407 21.04104233 349.14151001
4.16562796 21.05895424 348.39202881
4.11232376 20.44434166 350.13198853
4.24042749 20.48492432 349.13021851
4.14572620 20.50333595 348.38073730
4.41307592 19.89117050 350.62103271
4.09161758 19.88712883 350.12133789
4.21979570 19.92870712 349.11959839
4.12513924 19.94762039 348.37017822
4.07088089 19.32971382 350.11065674
4.19911766 19.37239456 349.10897827
3.88110733 19.36849976 348.60845947
4.05012941 18.77230453 350.09994507
4.17912674 18.81597900 349.09762573
3.86045980 18.81218910 348.59790039
4.35875416 18.11710358 349.78942871
4.26388025 18.13754463 349.03839111
4.17016602 18.15794754 348.28845215
4.44344807 17.43846893 349.73013306
4.34870958 17.45941162 348.97915649
4.25438452 17.48040962 348.23010254
4.23448324 16.92469406 348.21881104
3.84794354 16.39440727 350.26043701
4.08380938 16.32085609 349.20812988
3.99054933 16.34296989 348.45724487
4.15808773 15.74149990 349.94857788
4.06310225 15.76394558 349.19747925
3.96988654 15.78655434 348.44662476
4.13729095 15.18398857 349.93786621
4.04238033 15.20693398 349.18676758
3.94992590 15.23014069 348.43527222
4.11647940 14.62637711 349.92712402
4.02232981 14.64992046 349.17535400
3.87121272 14.04053307 350.16842651
4.00156212 14.09280872 349.16464233
4.40458250 13.41965771 349.60610962
4.31108761 13.44417858 348.85494995
3.60431600 12.89478302 350.39962769
4.03314018 12.39534569 349.88391113
4.30335855 11.69827080 349.64111328
4.35558033 11.65500259 348.77416992
4.20372629 11.04073715 349.76654053
4.33552790 11.09838963 348.76272583
4.18288374 10.48313046 349.75573730
4.31475925 10.54178047 348.75198364
4.38642645 9.95726013 349.49273682
4.29467773 9.98506546 348.74053955
3.98014617 9.98112106 348.23928833
4.36556768 9.39996338 349.48193359
4.27386332 9.42830658 348.72976685
3.95937753 9.42438030 348.22857666
4.34539509 8.84258461 349.47039795
4.25375128 8.87146664 348.71829224
4.26917791 8.78240967 347.92056274
4.57882214 8.14194393 347.61248779
4.30430460 7.72762012 349.44796753
4.78128767 7.62035799 347.35263062
4.38995028 7.05264473 349.38958740
4.40451717 6.96576881 348.59106445
4.31503630 6.99634027 347.83969116
4.47494030 6.37803078 349.33200073
4.38438988 6.40906763 348.57958984
4.29499912 6.44018602 347.82827759
4.45476818 5.82072115 349.32046509
4.36427689 5.85231733 348.56808472
4.72124386 5.95501709 347.31842041
4.43387890 5.26335526 349.30960083
4.34418011 5.29549694 348.55657959
4.47872019 5.36378670 347.55545044
4.41367674 4.70592690 349.29803467
4.32333612 4.73860788 348.54577637
4.45865107 4.80797529 347.54403687
4.49977684 4.03242826 349.24011230
4.59360695 4.05180168 348.30581665
4.54491568 4.13614082 347.48626709
5.61562920 2.23654842 353.88925171
4.35730982 12.01599979 348.62799072
4.43903017 10.07180023 348.76699829
4.40886021 9.54508972 348.43600464
4.37884998 9.01920986 348.10598755
4.36961985 8.46086979 348.11199951
5.02557993 7.78429985 349.59799194
4.36054993 7.90231991 348.11898804
5.01632977 7.22363997 349.60501099
4.39586020 7.22775984 348.01599121
4.41005993 6.58875990 347.57800293
4.97609997 6.13783979 349.27999878
4.37993002 6.06659985 347.24899292
4.98931980 5.51260996 349.10101318
4.41293001 5.43691015 347.92700195
4.40374994 4.87849998 347.93301392
9.90328979 4.21513987 337.44699097
7.05379009 4.19330978 336.19100952
4.43962002 4.20541000 347.82998657
10.45880032 3.70672011 337.82000732
7.59249020 3.73464990 336.84298706
7.06744003 3.61789989 336.51098633
6.46374989 3.67246008 335.75399780
8.19958973 3.06637001 336.84298706
11.01259995 2.56098008 337.29901123
8.23464966 2.42841005 336.99200439
