3.11050844 28.16357994 347.44543457
3.07602286 27.47821617 347.35147095
4.29885530 27.01827812 346.12533569
3.80978251 26.98850250 346.46575928
3.08869767 26.91956520 347.36279297
3.82308292 26.43036652 346.47778320
3.10135722 26.36080360 347.37402344
4.32530308 25.90189743 346.14950562
3.86408615 25.82123375 347.26571655
3.37325907 25.79141045 347.60504150
4.85814142 25.32170296 346.59716797
3.87741733 25.26179123 347.27774048
3.28973556 24.98079681 347.40222168
4.41121626 24.67911339 347.72879028
4.85325480 24.25643349 345.84475708
4.42372370 24.11846542 347.74017334
4.96757030 21.90481186 347.44787598
4.48786163 21.31350136 347.79870605
5.03726625 20.15934372 348.26394653
4.02017164 20.16071129 348.16006470
3.93791461 19.35223389 347.95718384
5.58920431 19.00064278 348.73110962
3.95048261 18.79106903 347.96862793
5.55418444 18.31347656 348.63491821
4.22510147 18.21234322 348.20144653
5.51924133 17.62670517 348.53860474
4.23759317 17.65048027 348.21295166
5.32452917 16.99381638 348.33020020
4.25003910 17.08861923 348.22439575
1.37527144 16.84675598 347.90820313
4.52464294 16.50748825 348.45724487
1.38782418 16.28770065 347.91955566
0.89338011 16.25779915 348.24957275
5.03136539 15.97523499 348.13168335
4.53711939 15.94482422 348.46878052
0.90532249 15.69872475 348.26010132
4.38817406 15.24394894 348.26205444
4.46865129 14.57601738 348.27612305
4.21869564 14.03491879 348.06658936
0.96171272 13.94822788 349.06280518
4.75599098 13.42912483 348.52035522
3.47527337 13.46443653 348.19186401
0.97357887 13.38785362 349.07342529
4.76846790 12.86596489 348.53189087
3.74906826 12.88038254 348.42422485
1.74084139 12.83478546 348.97668457
4.02361059 12.29524708 348.65728760
1.44760013 12.17626953 348.65780640
4.56098270 11.68525887 349.11236572
0.89638227 11.54293919 348.11880493
4.57350540 11.12139606 349.12396240
1.42562091 10.93535328 348.57083130
4.32300091 10.58208656 348.91345215
3.30250168 10.60087967 348.80252075
2.54442000 10.59530830 348.91119385
4.86139536 9.96812248 349.36923218
4.87381124 9.40346146 349.38076782
4.88627291 8.83868599 349.39242554
3.71303391 8.71035671 349.06011963
2.74930382 8.64440727 348.94842529
4.04399538 8.03176403 349.29440308
2.76184154 8.08214760 348.95989990
5.17494106 7.68158770 349.63839722
2.51283145 7.54722023 348.74923706
4.87661839 7.02514935 349.31738281
4.11504221 7.02259970 349.42684937
3.30857778 6.90140152 349.42572021
4.57824993 6.37024403 348.99658203
3.32113099 6.33786011 349.43722534
4.59068060 5.80608130 349.00814819
4.09321594 5.77555275 349.34002686
3.33287525 5.77424002 349.44805908
4.82056522 5.09443712 349.13208008
4.05921793 5.09353542 349.24121094
3.60706758 5.18093348 349.68170166
4.95993280 4.65501261 346.93560791
6.22585106 4.00694799 337.84762573
4.41253519 25.31128502 349.21347046
3.16757035 24.79348564 348.72280884
1.08626223 16.53395271 347.91751099
3.47853160 16.66377640 348.04617310
3.84008527 16.35622215 348.49603271
4.68117571 15.79751873 347.85189819
1.13560450 15.50385666 348.54672241
4.71094084 15.23058510 347.85195923
3.89962983 15.22455406 348.49594116
3.78207445 15.19243526 349.08584595
3.74139953 13.84298134 348.40701294
0.65643650 13.67761135 349.11334229
4.11761475 13.26237011 348.38040161
1.02750933 13.10159206 349.08758545
1.39759040 12.52443218 349.06182861
1.54578018 11.99429035 348.47640991
4.08846855 11.53090763 348.97000122
3.76969218 10.98137856 348.99603271
2.96262765 10.28646946 348.98794556
3.37364626 9.74443817 348.97692871
4.55324602 9.24555016 348.94375610
4.04589033 8.62206078 348.94845581
3.23134708 7.89318752 349.51889038
2.91432500 7.34805822 349.54440308
4.56148720 6.85352612 348.89822388
3.28884697 6.76211023 349.51873779
4.48131895 6.16425037 348.85253906
4.67022228 5.50139189 348.80407715
3.46790409 5.52068758 349.46643066
6.28066969 4.05008507 337.44488525
5.59807539 4.18072319 338.15426636
5.38560200 4.02749300 338.70333862
5.28122997 3.99334764 339.29473877
4.72576094 3.94856262 340.51147461
4.38279676 4.05716610 341.17907715
4.16522646 3.90435839 341.72491455
5.62984657 3.89877510 345.21484375
4.97599459 3.81692767 345.81503296
4.96860123 3.90435290 346.45013428
4.85008430 3.87159824 347.03967285
4.73057604 3.83894014 347.62896729
4.26223564 3.83005071 348.24505615
3.21540880 3.69242001 349.42648315
-9.23112392 -7.29721689 345.19284058
3.05887723 3.54050779 351.74450684
1.52415037 3.69359350 353.05151367
-0.24462086 3.65069032 354.27114868
-0.93457019 3.74329376 354.91937256
-1.40114987 3.60850048 355.46292114
-1.53594828 3.57787704 356.03958130
-1.67276096 3.54732108 356.61581421
-2.06484485 3.36489868 357.13339233
-2.40486836 3.51851892 357.79003906
-3.11224341 3.31049252 358.30072021
-3.57281613 3.26627922 358.87414551
-3.87102628 3.33246040 359.48867798
5.12329912 3.28274369 345.22549438
5.00678158 3.24972820 345.81539917
4.88933277 3.21682048 346.40502930
3.83514309 3.16723418 348.22653198
3.71358991 3.13486576 348.81365967
3.59000731 3.10256839 349.40051270
3.34085822 3.03834176 350.57305908
2.52153444 3.05524445 351.20742798
-12.87521458 -7.76722574 349.45535278
-13.22617626 -7.77338982 350.61099243
-13.50232792 -7.91066933 351.10144043
-13.36406422 -7.74235868 351.78088379
-13.50310612 -7.77749825 352.33380127
0.40485102 1.54339087 355.25137329
-0.07491900 1.53836799 355.85031128
-0.35060412 1.47702336 357.00622559
-0.48938510 1.44654143 357.58349609
3.08263183 27.78376770 348.90042114
3.80742550 27.38805199 347.27685547
3.71213102 26.78924942 348.28576660
3.40652800 26.24806595 347.76123047
3.63677359 26.08909607 348.31018066
3.50918198 26.05999947 349.33804321
2.97210193 25.35948181 349.88558960
3.57136464 24.92775917 349.29409790
4.17078018 24.49343681 348.70260620
3.65444541 23.68794632 348.26885986
4.09517813 23.79377556 348.72677612
2.80051470 22.92540550 350.03353882
3.71592617 22.55353928 348.22549438
3.96675944 22.61586380 348.87402344
3.61747241 21.96407890 349.23348999
3.53564668 21.11296654 350.06747437
3.56629539 20.54731369 350.04589844
0.67968225 15.92408752 349.78381348
0.83401752 15.37166691 348.74172974
1.28370404 15.06445789 349.82998657
1.08726704 14.51066589 350.06887817
1.34466541 13.93848610 349.78808594
4.18493414 14.06976223 347.57501221
0.71758062 13.42869854 348.76568604
1.60329974 13.36522484 349.50567627
1.20197296 12.84427929 348.22146606
1.86133897 12.79080868 349.22399902
3.26701283 11.57331753 349.40106201
2.08199215 11.09976578 348.13317871
3.52779913 10.99476910 349.11755371
2.45140266 10.33152199 348.49874878
3.88562083 10.40153599 349.60098267
3.91575074 9.83472633 349.58013916
3.71487355 9.28212452 349.82180786
2.86230516 8.78359795 349.05450439
3.08168554 8.63215160 349.60186768
3.51456070 8.73047256 350.06274414
2.77568603 7.95712662 349.88577271
2.83661723 6.82717800 349.84362793
2.86677766 6.26207733 349.82296753
2.94874382 5.58776903 349.67956543
1.25075591 5.00209332 350.66680908
-0.45708758 3.25535154 360.67849731
2.58001900 27.10281563 348.07266235
3.22768688 27.07997131 349.24121094
3.24588346 26.51561356 349.20376587
3.26404977 25.95121765 349.16540527
3.28229213 25.38666916 349.12799072
3.27843928 24.68822861 349.54501343
3.35591054 23.69285202 349.36410522
3.31571054 23.03890038 348.81744385
3.93925309 22.98301697 349.90628052
3.91637182 22.28719330 349.97409058
3.89784002 21.71952248 349.24273682
3.91615891 21.15477562 349.20532227
3.93438625 20.59002686 349.16793823
3.95270491 20.02528000 349.13049316
3.97099328 19.46032906 349.09307861
3.97100139 18.89059830 348.70800781
3.38212061 18.33396912 348.19384766
3.94703722 18.19434929 348.77777100
4.55269623 18.18544388 349.25549316
5.18188477 18.30185509 349.28027344
3.31613231 17.50690651 348.37088013
3.92311859 17.49854851 348.84661865
4.52854824 17.49017906 349.32534790
1.06460142 16.90845299 350.01498413
0.41173947 16.21742058 349.26855469
0.99913317 16.20278740 349.39257813
3.37208772 16.38210297 348.64367676
3.97834134 16.37486839 349.12048340
4.61868334 16.38178825 350.29180908
3.39051342 15.81666279 348.60620117
4.01519966 15.81749439 349.43078613
4.61911869 15.81086159 349.90863037
0.44634905 15.20289135 348.39190674
1.09233034 15.17237091 349.70629883
3.42805815 15.25920486 348.91653442
4.02808428 15.14061546 350.19244385
0.42345259 14.50946617 348.45983887
1.07629037 14.52102280 349.62228394
3.46561813 14.70274067 349.22698975
1.09494483 13.95787811 349.58496094
3.46493983 14.12891197 348.84161377
1.09209991 13.38484955 349.20071411
3.45992637 13.44518757 349.25851440
1.08933127 12.81062222 348.81646729
3.45494342 12.76297855 349.67349243
1.10803151 12.24623680 348.77801514
3.49257946 12.20997047 349.98303223
1.12674689 11.68175220 348.73959351
3.45325160 11.61209965 348.90469360
1.73247480 11.10255527 348.82821655
3.49104023 11.05903625 349.21527100
1.70855594 10.41115379 348.89724731
3.52866101 10.50692654 349.52493286
1.76906395 9.87276173 349.55200195
3.52799845 9.92968559 349.14141846
1.85105848 9.44885159 349.75518799
3.54648495 9.36491013 349.10397339
2.30775285 8.57677650 349.01852417
3.54090667 8.68805504 349.52026367
3.51611781 7.99803114 349.58840942
2.91023970 7.41778374 348.72656250
3.55398226 7.44939613 349.89828491
2.96880984 6.88441849 349.38354492
3.57239246 6.88582230 349.86187744
2.98735738 6.32027912 349.34616089
3.59086370 6.32224226 349.82455444
-2.63456345 4.82591391 359.43295288
-2.04158688 4.82780743 359.88137817
0.84422249 4.82183504 361.02169800
3.53151941 5.51808119 350.17211914
-1.47230244 4.16517639 360.39141846
-3.22011185 2.49858737 358.60845947
-2.54704857 2.00335884 359.80990601
1.51396596 2.09512734 361.19241333
3.39892364 28.17461014 349.34884644
3.44458461 27.48098373 349.41128540
3.44341779 26.92016411 349.37234497
4.35390949 27.17137909 347.73629761
3.69613671 26.36220551 349.56356812
4.40025711 26.47623825 347.80078125
2.43264365 25.80514717 349.94079590
2.93623042 25.80178070 349.61682129
3.94891644 25.80524445 349.75482178
4.44582701 25.78143501 347.86468506
3.23686051 25.11319351 349.90991211
4.44774628 25.23065376 348.61120605
4.44650316 24.66953087 348.57232666
4.44529057 24.10830688 348.53341675
3.27869177 23.30100060 349.89331055
4.03674412 23.30325890 349.80197144
4.49084473 23.41580009 348.59744263
4.99656725 23.41245079 348.27847290
3.02299833 22.73428726 349.62466431
5.04192352 22.72033119 348.34274292
3.02117515 22.17331886 349.58493042
4.03372335 22.18336296 349.72344971
5.04060411 22.15930176 348.30392456
3.01935196 21.61223793 349.54519653
4.28596878 21.63064003 349.91409302
5.03928423 21.59817505 348.26510620
4.53746653 21.07876968 350.10403442
4.22956371 20.42223358 349.82739258
5.13308430 20.25755119 349.95205688
4.02278852 19.35994720 348.74618530
4.16062880 18.69922829 348.88247681
5.08186674 18.68593216 348.95541382
4.36727858 17.98995018 349.10565186
5.37920046 18.00762367 349.24960327
3.00223827 17.65667915 348.48471069
4.62007332 17.44038200 349.29736328
1.21439481 16.94524574 350.02548218
3.60561037 16.86042595 349.11578369
4.36498976 16.86850739 349.02777100
0.81499738 16.27723885 349.67123413
4.11261034 16.32349205 349.53652954
1.58461058 15.75245476 350.31954956
4.66462278 15.66144085 350.05947876
1.06789136 15.16446209 349.81967163
4.70926094 14.97515297 350.12338257
1.06634295 14.60170269 349.77963257
4.10944510 14.64204311 349.41937256
1.32231116 14.05330467 349.96948242
4.15322876 13.95479870 349.48266602
1.06327665 13.47618294 349.69940186
4.70600367 13.29769039 350.00656128
1.30853093 12.89405346 349.10586548
4.70422602 12.73851395 349.96691895
1.56411767 12.34653473 349.29623413
3.32061720 12.21341610 349.41043091
4.45002842 12.16303539 349.69906616
1.04739881 11.75053024 348.79446411
3.43465114 11.57362747 349.51651001
4.44831181 11.60315895 349.65936279
1.56175339 11.22037506 349.21667480
3.68790293 11.02964592 349.70663452
3.68693447 10.46902943 349.66751099
1.65164042 9.84316254 349.34506226
2.67016864 9.87577057 349.48599243
3.68591976 9.90831852 349.62835693
2.66851354 9.31395531 349.44607544
3.82266092 9.25543213 349.76342773
4.02880621 8.55731106 349.98638916
4.02712011 7.99741602 349.94662476
2.71019197 7.50400305 349.43118286
3.77162623 7.41695452 349.67837524
2.75505900 6.81821060 349.49633789
4.02510643 6.87734795 349.86846924
3.00904322 6.27800846 349.68594360
4.13892651 6.24231005 349.97506714
2.97091174 5.45951509 349.74182129
4.21670580 5.58370304 350.05981445
4.91895008 4.99490929 352.27600098
6.00935793 4.79302645 352.61804199
3.25915837 27.49301338 349.73156738
4.02396011 26.82476616 349.70465088
3.66789055 26.25819588 349.69137573
3.75734115 25.57232666 349.69879150
3.84575438 24.88678169 349.70632935
3.23694634 23.88633537 350.20629883
4.14825869 23.78522682 349.62872314
4.63902330 23.93060303 348.41610718
3.66367579 23.21340942 350.19610596
4.13038349 23.22875214 349.59844971
3.98407078 22.66956139 350.14804077
4.11250830 22.67207718 349.56817627
3.62789464 22.09906769 350.13531494
4.09461737 22.11540413 349.53784180
3.94832039 21.55601883 350.08728027
4.42557955 20.84287643 349.51696777
5.22865057 20.87524033 348.90536499
4.59109116 20.20740891 349.50662231
5.02314663 19.11416435 348.85137939
5.00525618 18.55839157 348.82116699
4.65202475 17.98506927 348.80731201
4.22543764 17.49425125 348.76748657
4.14840698 16.85110855 349.34161377
4.27983522 16.85360146 348.76318359
4.36940765 16.17176819 348.77224731
3.98217440 15.73445320 349.85940552
1.35031843 14.72390842 349.84381104
4.18426228 14.49828339 349.25915527
4.57716703 14.47332287 348.68325806
1.54820895 13.91309547 349.89233398
4.27281237 13.81738091 349.26809692
4.74273920 13.84112740 348.67376709
3.47049189 13.34026241 349.23242188
4.72584057 13.28462982 348.64343262
3.33807564 12.70882893 349.23052979
3.88264108 12.12301922 349.19396973
4.20227289 11.58878326 349.14630127
3.50827003 10.98347855 349.15014648
3.35792899 10.42263412 349.69830322
4.16842937 10.47410965 349.08514404
3.86206055 9.81628704 349.67068481
4.51656389 9.77080631 349.09671021
3.42756629 9.18376637 349.67715454
4.34565163 9.11556149 349.10452271
2.62495708 8.69459057 349.64196777
3.42787576 8.02633476 349.62930298
4.15847635 7.44149685 349.58990479
4.14063168 6.88413477 349.55929565
3.78607416 6.29840279 349.54644775
3.29607534 5.70921755 350.11172485
3.87471557 5.62014437 349.55661011
2.12458611 4.15254498 360.60519409
2.70170331 4.30198479 358.79519653
3.26128483 4.21413994 358.22616577
3.54897666 4.22994518 357.63378906
6.02916193 4.58927250 350.55816650
8.32172203 4.39753866 344.91284180
8.88166046 4.60958290 344.26763916
8.93330956 4.86158228 343.61331177
9.61569023 4.65615988 343.11953735
9.94209194 4.70123053 342.53970337
10.34506321 4.57343388 342.02200317
10.49461937 4.57710981 341.45870972
10.64519691 4.58087349 340.89587402
10.88802528 4.64471769 340.31295776
1.98155987 3.47777963 361.77517700
2.20253658 3.36029482 361.23037720
3.33520699 3.42213583 358.85083008
3.57398510 3.42327547 357.69189453
4.18610334 3.95889759 355.75244141
2.67088079 3.78259802 353.57366943
2.43010497 3.92301774 352.95501709
2.92873240 3.78618455 352.41491699
2.95156884 3.90724635 351.79544067
3.64375830 3.89545274 351.20755005
3.99830413 3.85310149 350.64089966
4.13174629 3.85503674 350.06390381
4.40165281 3.85970068 348.91162109
5.19689178 3.82592702 347.76702881
5.15276194 3.89844632 347.17071533
5.46639919 4.20129442 346.48776245
20.29140472 -6.94137239 349.30633545
21.55783272 -7.27792883 348.94818115
21.29703712 -6.97790480 348.22790527
21.86350632 -7.09456491 347.74880981
22.43779373 -7.11588764 347.21481323
21.75814056 -6.88637209 345.99874878
22.54401588 -6.98810005 345.51513672
22.90703201 -7.02355480 344.99481201
6.56946135 3.44328189 345.37878418
7.19831896 2.65988255 343.72406006
1.27917898 1.79835451 357.67495728
2.19826341 1.86428440 356.46060181
2.46485209 1.98576033 354.67962646
3.52345228 2.05448651 352.89813232
3.54726529 2.17451191 352.27999878
4.85804749 2.12852120 349.97595215
5.30132246 2.25710440 347.63742065
6.35834312 2.20827127 346.50314331
6.39625549 2.32997298 345.88986206
8.90482044 2.19634581 339.70645142
4.28777838 22.77193832 349.89120483
4.62462759 22.55949211 348.79327393
4.37045050 22.09130859 349.83172607
4.72100639 22.14810181 348.58245850
4.97463751 21.55190086 348.29904175
5.33104324 20.83426094 347.96765137
4.65685415 20.48317909 348.54998779
5.36204910 19.15393257 348.68258667
4.97975969 17.48699570 348.15209961
4.92636967 16.86512375 349.88854980
4.31770468 17.00734711 349.62124634
4.95855808 16.93242645 348.14096069
4.90431452 16.30885887 349.87802124
4.58503199 16.30519104 349.37887573
4.49048424 16.32702446 348.62918091
4.33906746 15.72299767 349.61959839
4.46923733 15.77125168 348.61801147
4.37645912 15.79374123 347.86871338
4.09308720 15.13950253 349.86041260
4.22350121 15.18897247 348.85763550
4.46018362 15.11757755 347.81024170
4.29567385 14.60896206 349.59786987
4.20220852 14.63249874 348.84643555
4.54395485 14.44171047 347.75183105
4.27361870 14.05189705 349.58731079
4.18018389 14.07593155 348.83593750
4.25153255 13.49473286 349.57672119
4.44778585 13.37764835 348.59518433
4.20803261 12.38020134 349.55484009
4.11548281 12.40572739 348.80294800
4.40441895 11.74477482 349.35580444
4.37468910 11.02647495 349.43856812
4.35330534 10.46930695 349.42727661
4.26107597 10.49652386 348.67565918
3.94132876 9.92475414 349.81866455
4.23973751 9.93985271 348.66442871
4.08522463 9.32304668 349.65750122
4.06306267 8.76519299 349.64688110
4.04091597 8.20726109 349.63623047
4.01945543 7.64926624 349.62487793
4.32817268 7.00748491 349.31469727
4.63481474 6.36708546 349.00671387
4.61340046 5.81034851 348.99536133
6.31749725 5.16986609 348.89050293
5.96872950 4.13961697 337.81616211
4.38838005 23.48279953 347.70599365
4.35948992 22.94680023 347.37799072
4.37097979 22.37030029 347.72000122
4.38241005 21.79269981 348.06100464
4.37360001 21.23579979 348.06799316
4.36476994 20.67880058 348.07501221
4.95720005 20.11700058 348.54199219
4.35590982 20.12159920 348.08099365
5.52948999 19.57749939 348.67199707
4.94825983 19.55920029 348.54901123
4.34703016 19.56439972 348.08801270
5.60551977 18.77820015 348.46099854
4.93929005 19.00139999 348.55599976
4.33811998 19.00709915 348.09500122
4.97307014 18.32290077 348.45300293
4.37203979 18.32920074 347.99200439
4.97545004 17.25099945 349.58898926
4.98833990 16.61079979 349.30499268
4.36620998 16.61750031 348.19198608
1.46643996 16.63759995 349.23901367
0.90787101 16.49749947 347.90701294
5.06528997 15.86489964 349.72000122
4.39991999 15.95320034 348.24600220
1.50529003 15.96969986 349.51000977
4.39095020 15.39529991 348.25299072
1.49659002 15.40880013 349.51599121
0.88077402 15.44579983 348.70401001
4.40257978 14.80970001 348.59600830
1.48787999 14.84780025 349.52099609
0.89614397 14.81519985 348.52301025
4.37294006 14.27929974 348.26599121
1.46115005 14.31519985 349.18701172
4.36391020 13.72109985 348.27200317
1.45239997 13.75459957 349.19198608
4.39630985 13.10439968 348.95300293
1.53339005 12.95510006 348.97799683
4.40801001 12.51519966 349.29800415
3.76629996 12.58650017 348.15600586
1.48845005 12.45489979 348.30700684
4.39891005 11.95520020 349.30398560
3.79764009 11.96739960 348.83700562
2.11075997 11.73779964 347.55099487
1.47961998 11.89560032 348.31100464
4.38980007 11.39519978 349.31100464
2.08709002 11.29179955 349.12799072
4.40163994 10.80360031 349.65701294
3.77953005 10.84840012 348.85000610
2.07824993 10.73120022 349.13299561
4.40409994 10.20020008 349.43899536
3.77045012 10.28870010 348.85598755
2.06939006 10.17059994 349.13900757
2.69180989 9.45798016 348.38101196
4.40850019 8.46000004 349.83599854
3.22794008 8.44067955 348.97299194
4.46591997 7.73153019 349.80801392
4.41436005 7.23989010 349.13699341
3.81383991 7.25635004 348.66799927
4.42639017 6.64439011 349.48300171
10.52579975 5.98070002 339.74798584
9.89328957 6.10766983 339.41000366
9.34496021 6.01139021 338.86898804
7.09130001 5.93646002 338.36801147
6.54233980 5.86667013 337.96099854
4.44462013 6.00532007 349.26599121
11.15030003 5.31056976 340.09201050
8.77163029 5.45014000 338.75201416
8.20812988 5.43135977 338.62701416
6.47478008 5.44603014 337.61199951
8.77727032 4.32923985 339.08300781
11.11620045 3.70390010 340.25601196
10.57100010 3.58596992 339.57299805
10.02260017 3.49264002 339.03100586
8.79234982 3.74968004 339.40798950
8.25265026 3.63191009 338.72198486
6.53280020 3.60017991 337.42800903
7.69288015 3.02164006 338.32299805
7.68355989 2.47940993 338.32901001
