4.16848755 35.42977905 351.24700928
3.97017670 34.77919769 351.04019165
3.98100448 34.21567917 351.05505371
6.32198429 33.54683304 348.33926392
5.30596447 33.52737427 348.24398804
3.99183273 33.65208435 351.07003784
5.31664991 32.96636581 348.25903320
4.26575708 33.08507538 351.31060791
5.85385036 32.39751053 348.71789551
4.83671236 32.38010025 348.61950684
4.15515661 32.43501282 351.17858887
5.60221863 31.83965492 348.51214600
4.84808540 31.81880760 348.63519287
4.35639334 31.79371452 348.97897339
5.33400488 31.11820221 348.98797607
4.36695766 31.23229790 348.99398804
4.64051580 30.66526222 349.23205566
3.42182899 30.58397865 350.48162842
4.65111208 30.10314751 349.24725342
3.43175483 30.02124786 350.49588013
4.61196232 29.41234016 349.15582275
3.44247437 29.45844269 350.51092529
3.45237041 28.89551163 350.52532959
5.47258282 28.39346313 349.96224976
3.46377707 28.33253098 350.54098511
5.48388433 27.82937050 349.97817993
4.49412537 27.77834129 350.66354370
3.42462897 27.64101028 350.44827271
6.02372074 27.24779510 350.44183350
4.50483274 27.21413040 350.67864990
3.12411189 26.95894814 350.13223267
4.77927399 26.64053154 350.91888428
3.13476968 26.39653778 350.14727783
4.92236471 25.85549355 350.15246582
4.21377230 25.96753311 350.37750244
3.14542747 25.83412933 350.16235352
4.66999149 25.30180359 349.94442749
3.91207719 25.28664780 350.06112671
3.15596342 25.27161598 350.17742920
4.68130779 24.73821449 349.96026611
3.92269063 24.72353745 350.07626343
3.16590428 24.70899582 350.19180298
3.93324327 24.16032791 350.09143066
3.17647147 24.14628220 350.20693970
4.96528530 23.59857368 350.21392822
3.94375038 23.59701347 350.10665894
3.18705368 23.58347511 350.22210693
4.31686592 22.86173439 350.35113525
3.14817524 22.89435577 350.12902832
3.86730766 22.21801949 349.92205811
3.11079144 22.20557594 350.03735352
4.55924129 21.15769768 350.57611084
3.13119292 21.08014488 350.06686401
4.16170406 20.51336479 350.19110107
3.14166856 20.51732635 350.08206177
3.15148807 19.95440102 350.09655762
2.39386868 19.94410324 350.20849609
3.42443013 19.37535667 350.33563232
3.43487668 18.81174278 350.35089111
2.41425419 18.81896400 350.23812866
3.30127692 18.15550423 350.18954468
2.42404270 18.25624084 350.25262451
3.09705591 17.45388985 349.94128418
2.33891344 17.44579315 350.05218506
2.84568691 16.90922928 349.73339844
3.53521228 16.36160278 350.36080933
2.35926795 16.32085228 350.08187866
3.38965940 15.74549198 350.20932007
2.36908698 15.75822163 350.09634399
3.13747978 15.20162106 350.00091553
2.37881422 15.19559669 350.11093140
3.41061425 14.61797523 350.23986816
2.38927460 14.63278675 350.12615967
3.68297291 14.03321648 350.47827148
2.39903283 14.06995583 350.14065552
3.38226843 13.36804199 350.16046143
2.36176348 13.38506889 350.04727173
1.23850524 12.13920212 352.96307373
3.36517715 11.55481339 350.09701538
2.23748946 11.64715004 349.92578125
0.98572731 11.59677505 352.74938965
-0.08326506 11.49611378 352.51376343
3.37563968 10.99090576 350.11224365
2.35524797 11.01223278 349.99880981
3.38532400 10.42697239 350.12692261
2.62596345 10.42512798 350.23614502
1.50599384 10.49168873 352.44863892
0.43727145 10.39345932 352.21548462
2.37465835 9.88637447 350.02798462
1.20749485 9.82983589 352.12695313
0.39844641 9.70801544 352.11788940
2.64536047 9.29806900 350.26531982
1.17002881 9.14402771 352.03088379
2.60854626 8.61443138 350.17135620
1.17991292 8.57943726 352.04531860
2.09540677 8.10364151 349.73995972
0.92733979 8.04132271 351.83276367
1.89048767 7.68751907 349.64035034
1.43782544 7.50270224 351.52017212
2.36040139 6.91130781 349.95559692
1.13957489 6.84631157 351.19961548
2.60093379 6.24084663 350.12118530
2.61058664 5.67729330 350.13583374
1.37351561 5.57105064 351.34313965
2.88312936 5.08447456 350.37429810
1.12175989 5.03623247 351.13250732
2.20410156 4.39269829 349.68597412
1.13155031 4.47261000 351.14694214
1.34246099 33.72370148 347.59860229
0.67985159 33.63419342 349.39266968
1.52391160 33.68810654 347.81097412
1.19689560 33.60235596 349.57876587
2.03387666 33.65554428 347.99179077
2.96943116 33.65827560 350.75405884
3.82403827 35.05541992 351.81686401
3.96437621 34.51660919 351.22589111
5.15074635 33.87981033 349.92584229
3.39724970 33.73350906 351.18966675
4.09418583 23.85391235 349.93048096
3.07408476 23.84295654 350.58551025
5.37607908 24.08301353 349.55685425
4.91004419 24.06197929 350.17568970
3.57185388 23.70676041 350.71963501
5.82726812 24.03479767 349.72378540
4.06647062 22.45985794 349.84069824
3.89770341 23.22372055 350.73266602
4.09387398 21.89341736 349.84359741
4.62222052 23.95946121 351.17028809
4.69306755 23.91952324 351.35296631
6.85062647 24.13541985 350.90231323
5.64961529 23.95191574 351.50628662
7.73653650 24.10897446 350.43518066
3.82684112 20.20330048 349.87759399
8.50246143 24.05646896 350.56286621
3.66556740 19.55568123 349.86010742
2.32135224 19.47783852 350.50393677
3.31469846 18.82755280 349.82214355
2.15999651 18.83282471 350.48617554
2.64959526 18.28532410 349.87579346
2.18632793 18.26884651 350.48910522
3.02215838 17.70864105 349.85345459
2.21256733 17.70486069 350.49209595
3.04843116 17.14345741 349.85650635
2.23889875 17.14078522 350.49505615
3.07476497 16.57817841 349.85955811
1.92088926 16.58978081 350.52258301
3.10213614 16.01292992 349.86257935
3.12848544 15.44755363 349.86569214
2.66312218 15.43379593 350.47946167
3.04636931 14.75706482 349.82492065
2.01025510 14.70377827 350.45379639
2.96323037 14.06684303 349.78408813
2.15350389 14.06966496 350.42245483
2.64424062 13.51770020 349.81280518
1.83536613 13.52156925 350.45028687
3.01695061 12.93641663 349.79025269
2.20609045 12.94130325 350.42846680
3.04325390 12.37103558 349.79339600
2.23240709 12.37702370 350.43157959
0.83176559 12.34470844 352.26016235
3.06964922 11.80555630 349.79647827
1.53963733 11.67748547 350.41720581
1.09299922 11.64068985 352.19515991
-0.16815394 11.54296398 352.80249023
1.84361088 11.04811287 349.78799438
1.37904835 11.03810692 350.39901733
0.66823196 10.97267628 352.17642212
3.12332511 10.67443180 349.80279541
0.34994811 10.42899323 352.20254517
2.81158686 9.97278214 349.76797485
1.43161523 9.91204643 350.40512085
0.64695680 9.76603508 352.15216064
2.26694202 9.33729076 349.77163696
1.45782268 9.34886646 350.40820313
1.08649015 9.26506042 352.16177368
2.29328895 8.77296352 349.77478027
1.48309958 8.78556728 350.41134644
1.11172128 8.70186234 352.16461182
2.66612911 8.18765068 349.75207520
1.50933790 8.22225666 350.41439819
2.17176318 8.07544136 352.09707642
2.69243193 7.62264347 349.75527954
1.53466082 7.65884018 350.41754150
1.63204861 7.58152580 351.56250000
2.37223959 7.07954741 349.78439331
1.60340571 7.00716400 350.38238525
0.82658684 6.89991331 351.55331421
2.74410701 6.49246645 349.76174927
0.77915007 6.25643826 351.52606201
2.77044058 5.92725229 349.76498413
2.57225013 5.27479029 349.74252319
1.92491567 4.41188860 349.65209961
1.34015405 4.47992992 350.29806519
0.98098749 4.59628153 350.95205688
4.60250759 3.09134507 337.78796387
4.08087921 3.13379097 338.44189453
3.71271729 3.08094454 339.04199219
3.60880661 3.05079317 339.63125610
2.60588574 3.01157546 341.46548462
2.49686217 2.98191404 342.05267334
2.19634891 3.00865626 342.67559814
4.09552145 2.98033428 346.11053467
3.17747593 2.88351297 346.71279907
2.79412794 2.83218384 347.30401611
2.25103831 2.87762117 347.94253540
2.23858762 2.96847606 348.57284546
2.11653018 2.94016838 349.15808105
-10.36814213 -7.77817249 345.77224731
-10.49658394 -7.81136131 346.33270264
0.01614956 2.75207567 353.28894043
-2.29392648 2.63301516 354.48474121
-3.01617622 2.66600418 355.10208130
-2.71758461 2.89642406 355.77188110
-3.55068970 2.56763816 356.23962402
-4.08279896 2.41913056 356.77182007
-4.31288910 2.45094538 357.37011719
-4.04657888 2.72342110 358.05746460
-4.28961611 2.57817221 358.58212280
-4.87528658 2.51406908 359.14514160
3.66354752 2.52430630 344.99722290
3.43890357 2.37632465 345.54129028
3.43155122 2.46634960 346.17333984
3.09615541 2.19941640 346.67178345
2.63346982 2.19691825 347.28720093
1.92656207 2.13771415 349.07101440
1.80342114 2.10943079 349.65536499
0.86762381 2.10624051 350.87316895
0.61329824 2.05061126 352.03713989
0.48409811 2.02294660 352.61868286
-13.65727615 -8.06516647 350.10070801
-14.08967876 -8.06589031 350.68597412
-15.37437153 -8.15949631 353.50463867
3.81924582 1.69488347 344.88214111
2.67018819 1.74590635 345.56121826
-0.80618757 1.57929623 354.47384644
-1.26847267 0.90371072 355.37237549
-1.86912131 1.16873884 356.08554077
-2.11411166 1.02342403 356.61337280
-2.25152349 0.99676287 357.18856812
-3.01057243 0.94505656 358.92864990
4.75538492 34.53614426 352.37191772
5.24913073 33.98434067 351.83392334
5.00765991 33.81098557 352.90396118
5.27616739 33.41800690 351.81567383
5.16084909 33.11621094 352.67333984
4.25960445 29.57886124 348.64477539
2.95735312 20.84244156 350.74209595
2.67645073 19.59052467 351.01181030
1.80561125 12.50044346 350.18588257
2.06172276 11.92266464 349.90652466
-0.07260384 11.52375793 352.91091919
2.08924460 11.35801792 349.88891602
0.84003276 11.16950417 352.03619385
2.11746788 10.79341888 349.87066650
0.20605154 10.39058590 352.61953735
1.81017601 10.11957836 350.15853882
0.23327303 9.83093548 352.60195923
1.73155332 9.43120575 350.18460083
1.14839494 9.47003365 351.72512817
1.75904298 8.86727905 350.16699219
0.91334075 8.77012539 351.91403198
2.01505470 8.28613472 349.88742065
0.53998160 8.13433743 352.29226685
2.04326296 7.72155809 349.86914063
2.07084560 7.15685034 349.85156250
1.04573929 6.97682714 351.74127197
2.55550909 6.55464268 349.30978394
1.07316327 6.41517830 351.72366333
1.10048044 5.85346508 351.70620728
1.99300849 5.27872086 349.86407471
1.35415864 5.27183008 351.42987061
1.51255798 4.69388723 350.38998413
1.38158405 4.70946217 351.41226196
-1.20422792 3.84857368 350.60144043
1.39652145 3.96822357 350.43048096
3.71326256 34.28178406 351.67361450
4.88415956 34.20016098 352.18499756
5.46246243 34.03364944 353.09982300
3.18026733 33.82175827 351.67764282
4.85912895 33.50400543 352.25717163
5.46087122 33.48137283 352.72433472
5.45934439 32.92784119 352.34976196
4.89327908 32.48134995 351.66302490
-0.13097070 11.65951824 352.65042114
0.53058672 10.68686771 352.45471191
0.45337540 9.93721962 351.99114990
2.21010256 8.84455872 351.17233276
1.63158393 7.14041996 350.25469971
1.13089180 6.55967808 351.91351318
1.12482333 5.98084879 351.53768921
1.09668255 5.38197327 350.81872559
1.13473558 4.83941984 351.12713623
-4.42958260 3.64156890 359.64608765
-3.80811095 3.66396904 360.41473389
1.05692804 3.99915743 351.45303345
-2.10564303 2.97020984 361.16906738
-0.93270952 3.05465198 361.32131958
-0.49184936 2.68421698 361.74102783
-5.00153351 1.33417773 359.16436768
-4.39530706 1.32610714 359.87557983
-2.62412214 1.35317540 360.94592285
-1.47610426 0.77473378 361.16302490
3.91492462 34.88398361 351.91156006
5.21605349 34.17250061 353.10055542
6.46299458 34.17766571 351.13571167
3.96145463 33.63632202 351.93167114
5.46411562 33.62034225 352.51364136
3.16033340 33.21875000 351.89035034
3.96057701 33.07977295 351.89175415
4.71137667 33.07489014 351.79446411
2.95438123 32.52998352 351.72290039
3.95971489 32.52312088 351.85186768
5.21082163 32.51694107 351.43252563
3.70653176 31.96839142 351.58474731
3.70571709 31.41094017 351.54476929
4.95903444 31.40570641 351.12612915
3.70491767 30.85349083 351.50479126
4.95815802 30.84876060 351.08621216
3.45099187 30.29640770 351.23687744
4.95796776 30.29166794 351.04702759
3.45019364 29.73826599 351.19677734
3.44944167 29.18001938 351.15667725
4.45648766 29.17912102 351.29006958
4.95772648 29.17718124 350.96847534
3.58807540 28.51623917 351.28829956
4.50326633 28.48958206 351.35076904
5.50580502 28.48564148 350.70901489
4.54999828 27.80034065 351.41162109
5.55223227 27.79627609 350.77020264
5.05427694 27.25466919 352.59872437
5.55204296 27.23908424 350.73095703
3.54214001 26.68251038 351.19863892
3.54135752 26.12426758 351.15847778
3.79405856 25.56977272 351.34625244
3.53993034 25.00748634 351.07818604
3.53992653 24.44890594 351.03869629
3.53922105 23.89027023 350.99853516
4.54681158 23.89900208 351.13330078
3.53860736 23.33152962 350.95825195
3.53791738 22.77279472 350.91802979
2.52718663 22.20208359 350.74386597
3.33139992 22.07703972 350.75207520
4.63931704 21.96647835 351.21670532
2.52659082 21.64205360 350.70346069
3.37758207 21.38816833 350.81353760
4.38617039 21.40126610 350.94894409
2.52601027 21.08202744 350.66311646
2.57297206 20.39261055 350.72512817
3.88339567 20.28738785 351.18893433
2.61915421 19.70364189 350.78652954
3.62988782 19.71986580 350.92135620
2.61852765 19.14370918 350.74615479
3.88283801 19.17077446 351.10913086
2.36240125 18.57339096 350.47680664
3.62864590 18.60209465 350.84085083
2.61739707 18.02364922 350.66534424
3.62876534 18.04301834 350.80123901
2.36128855 17.45213318 350.39593506
3.67457700 17.35622978 350.86312866
2.36072445 16.89140701 350.35546875
2.35947394 16.33062363 350.31423950
2.75392509 15.68615627 350.67651367
2.96219611 14.98190308 350.89614868
3.47003555 14.45061302 351.31106567
2.55522585 13.90391064 350.42117310
3.21473670 13.31818771 351.00265503
2.20221066 12.72996998 350.82647705
3.21426153 12.75886059 350.96218872
1.94557834 12.15323734 350.55725098
2.70529747 12.16699886 350.46621704
1.94515228 11.59231567 350.51660156
2.70482445 11.60657024 350.42572021
0.49407291 10.95156956 352.32101440
1.94472659 11.03119564 350.47601318
3.00518870 10.93828011 350.71658325
0.28419697 10.24923229 352.15667725
1.94430065 10.47007847 350.43542480
3.30576372 10.27148914 351.00741577
0.52771115 9.66759491 351.56542969
1.94387519 9.90885448 350.39477539
0.78276694 9.12577438 351.75009155
1.98922706 9.22305775 350.45718384
2.93474007 9.21070290 350.55398560
0.52574474 8.54580307 351.48251343
1.28487742 8.56259918 351.38800049
2.03526521 8.53757668 350.52038574
3.04977202 8.57418633 350.65838623
1.28457248 8.00209427 351.34725952
2.03482413 7.97658443 350.47973633
2.79485536 7.99414921 350.39013672
1.02707946 7.42090845 351.07864380
2.03441358 7.41552353 350.43911743
2.79433703 7.43364620 350.34960938
1.02605867 6.85977554 351.03723145
2.03397226 6.85440540 350.39849854
1.02584684 6.29855061 350.99642944
2.03360772 6.29322386 350.35784912
2.03319764 5.73197412 350.31716919
0.76735467 5.15318966 350.68618774
2.03280282 5.17066765 350.27651978
0.85948420 4.34631252 350.85369873
1.27094817 4.58859587 350.32531738
2.14862561 4.53541851 350.38159180
2.73832703 3.70925760 352.60308838
3.58259869 3.48806548 352.71768188
6.07198334 35.21255112 351.27566528
6.02458763 34.65375137 352.96398926
5.67394638 34.09864426 352.95361328
5.21516371 32.99151611 351.77197266
3.30406284 32.67523193 351.76351929
5.82186651 32.45376968 348.84683228
3.84351635 32.02156830 351.73599243
4.96802521 31.88208008 351.15029907
4.51081085 31.98511887 348.84484863
3.82088637 31.30672455 351.75646973
4.95135069 31.32786179 351.12026978
4.78223515 31.32827568 348.83480835
2.98422670 30.91205788 351.71551514
4.93469095 30.77364540 351.09020996
5.10266161 30.77953529 348.78903198
3.00269723 30.31138420 351.69738770
4.58191061 30.21214104 351.07818604
3.43064785 29.63145256 351.68472290
4.56422997 29.65724754 351.04806519
4.94302559 29.66639900 349.30831909
3.41390204 29.07483482 351.65451050
4.76840115 29.04158592 351.02713013
5.46240425 28.96599579 349.87496948
3.39620996 28.51815033 351.62420654
5.41433096 28.30633163 351.02462769
5.33070326 28.30330658 349.88473511
3.84087968 27.97355652 350.99356079
5.31407404 27.74898720 349.85476685
3.92977595 27.28834724 351.00024414
4.69303751 26.62398148 350.97055054
4.94555807 26.62967682 349.81173706
4.92888498 26.07456017 349.78167725
4.32244968 25.50238037 350.92840576
4.91219711 25.51943970 349.75158691
3.96856856 24.93469238 350.91644287
4.76821136 24.96126175 350.30047607
4.89651585 24.96410370 349.72143555
3.95183730 24.37828445 350.88604736
4.75153923 24.40594864 350.27026367
3.59690666 23.80881882 350.87405396
4.73485136 23.85043907 350.24002075
3.91738343 23.26518440 350.82543945
4.71814919 23.29492569 350.20977783
3.89970684 22.70860100 350.79504395
4.91478443 22.48571777 350.25506592
3.20746803 22.12286568 350.80108643
3.52898097 21.58001900 350.75238037
4.06977320 20.94337654 350.72677612
2.45986915 19.85761833 350.71585083
3.22841215 19.20702744 350.68682861
3.65767741 18.54109383 350.67633057
3.63994122 17.98361015 350.64584351
3.28485680 17.40724373 350.63378906
3.26706076 16.84916496 350.60327148
3.25033307 16.29106331 350.57266235
2.55482626 15.69187355 350.57894897
2.53703284 15.13249779 350.54830933
2.52027726 14.57310104 350.51757813
2.16308236 13.99158096 350.50537109
2.48571372 13.45403099 350.45614624
2.57665038 12.77099991 350.46496582
3.00707603 12.11212254 350.45516968
0.68184984 11.67059422 352.18936157
3.32977772 11.57747746 350.40591431
0.32053080 11.08379269 352.17864990
2.40895247 11.01845455 350.40179443
2.61629772 10.40990067 350.38168335
2.59949660 9.85030651 350.35092163
1.28587663 9.27855682 352.09378052
2.24224997 9.26427174 350.33868408
0.81019700 8.61588955 352.11309814
1.62242782 8.67221832 351.48999023
2.22543502 8.70401001 350.30789185
0.92060810 8.05616570 351.49877930
2.54816318 8.17115116 350.25854492
0.90274388 7.49416351 351.46768188
2.19084406 7.58330917 350.24621582
0.88489503 6.93210316 351.43661499
1.70122373 6.99178028 350.81521606
2.17404461 7.02285910 350.21533203
1.09152591 6.28498840 351.42990112
1.68343377 6.43073463 350.78424072
2.60558605 6.37061596 350.20651245
3.03619313 5.71998167 350.19747925
1.64979231 5.30839443 350.72222900
3.01940656 5.16080046 350.16668701
0.81559122 4.68320274 351.31201172
1.84857917 4.50679302 350.77249146
2.43025541 4.42022085 350.21432495
16.64402199 4.67645788 351.59570313
14.45205879 4.32584667 350.65762329
4.35242224 3.44037485 350.06072998
4.96420050 3.76912403 348.21600342
-0.47382137 2.46083951 361.89056396
-0.20683254 2.56102920 361.25936890
-0.09272891 2.56147003 360.67358398
0.93496376 2.62790465 358.86361694
1.05315578 2.62883234 358.28005981
1.28121042 2.51194048 357.73562622
2.07753754 2.57754517 357.10195923
2.09293127 2.69664502 356.48153687
0.33455589 2.74632692 354.21472168
0.35298175 2.86751103 353.59106445
0.81525755 2.70700192 353.05734253
0.94664931 2.77409005 352.45095825
1.64150417 2.70011306 351.88211060
1.55711329 2.94096828 351.21969604
3.47343636 2.88081384 347.75280762
5.21894884 34.58589935 352.58291626
5.66062164 34.48160934 351.28106689
5.73515224 33.77651215 352.96603394
5.40435266 33.77289963 352.47094727
5.19442940 33.90757370 351.77407837
5.82760096 33.23773575 351.95718384
5.49925756 33.23417664 351.46170044
5.15054989 32.67559433 350.95620728
5.71559429 32.59547424 348.66735840
5.35205793 32.13187408 350.69580078
5.77578592 31.60084534 350.18530273
5.31073189 31.02234077 350.67520142
4.66365910 30.89706993 348.88638306
5.06645393 30.45453453 350.91647339
4.97036886 30.22908211 348.57720947
4.82225370 29.88562393 351.15774536
5.42550230 29.77709961 348.84771729
5.02578354 29.22739029 350.09893799
5.02927446 29.11132240 349.30197144
5.55392933 28.57542801 349.53890991
4.43415022 27.55066872 351.50421143
5.28942442 27.45191002 349.76889038
5.49186707 26.91357994 349.50796509
4.33414221 25.71912003 350.74108887
4.45891953 25.74977875 349.73992920
4.08891630 25.14442062 350.98278809
4.43817472 25.19396019 349.72955322
4.06808424 24.58691025 350.97235107
4.74470472 24.53178978 349.42025757
4.04653454 24.02939987 350.96258545
4.02565670 23.47168732 350.95211792
4.37580538 23.52582550 349.69833374
4.00477886 22.91387939 350.94161987
4.34575844 22.79096413 349.78927612
3.51210117 21.75618935 351.42709351
3.71615934 21.21867180 351.16354370
4.05958128 21.11789894 349.99945068
4.25717402 20.47549438 349.79891968
3.48842001 19.35396767 350.55838013
3.74583554 18.75770760 350.27044678
3.72489715 18.19969940 350.25991821
3.25328088 17.59202957 350.75469971
3.60914946 17.66223145 349.49670410
3.23231459 17.03272438 350.74407959
3.36316228 17.07935333 349.73767090
3.43660927 16.49929619 350.48077393
3.34223962 16.52104568 349.72714233
2.84881020 15.35050106 350.21047974
3.16026545 14.69726753 349.89898682
2.83194852 12.94145966 350.18740845
3.18378925 12.34094429 349.80731201
3.16277647 11.78193665 349.79672241
2.91611624 11.19226074 350.03842163
2.89577627 10.63255310 350.02706909
2.87473464 10.07284832 350.01641846
2.40039134 9.44831467 350.51272583
2.60630703 8.92027760 350.24822998
2.35887742 8.32641411 350.49066162
2.93668485 8.18564701 349.13241577
1.88251400 7.69726229 350.98919678
2.31736422 7.20423603 350.46847534
2.44382596 6.57609177 350.34100342
2.50212598 6.54021978 349.46716309
1.36317158 5.93904352 351.46707153
2.62823391 5.91347933 349.34069824
1.90703559 5.33048248 350.89712524
2.60787916 5.35365152 349.32937622
2.89232063 4.52710581 349.97982788
1.90642321 4.68351936 350.07809448
4.45453739 4.09215355 349.09616089
5.53253984 33.46369934 348.26599121
5.43534994 32.60559845 348.49700928
4.97395992 32.31219864 348.83300781
4.37873983 32.04589844 351.08200073
3.82501006 31.34079933 350.85699463
4.40265989 30.79800034 350.98498535
3.81647992 30.78039932 350.86401367
4.93972015 30.08530045 348.86099243
4.41547012 30.12509918 350.54199219
3.09310007 29.92309952 350.29400635
4.94283009 29.05249977 349.99700928
4.97512007 28.46310043 350.68399048
5.00795984 27.77759933 350.57998657
4.99922991 27.21769905 350.58700562
4.96969986 26.67460060 350.25500488
4.38507986 26.65670013 350.13299561
3.80078006 26.63890076 350.01000977
4.37633991 26.09709930 350.14001465
4.45184994 25.28899956 349.92498779
3.78338003 25.51950073 350.02301025
4.39217997 24.29380035 350.04998779
3.76588011 24.39970016 350.03698730
4.33223009 23.29739952 350.17401123
4.39917994 21.93110085 349.96798706
3.81574988 21.91309929 349.84298706
3.80693007 21.35309982 349.85000610
3.79809999 20.79310036 349.85598755
3.78923011 20.23290062 349.86300659
3.78034997 19.67270088 349.86898804
3.76250005 18.55190086 349.88198853
3.20077991 17.36179924 350.44900513
3.19183993 16.80010033 350.45498657
3.22674990 16.11750031 350.35101318
3.26170993 15.43540001 350.24700928
3.25278997 14.87380028 350.25299072
2.58183002 15.09650040 350.34500122
3.24384999 14.31219959 350.26000977
2.66125011 14.29419994 350.13000488
3.23488998 13.75049973 350.26599121
2.63325000 13.76140022 349.79598999
3.22590995 13.18879986 350.27200317
2.64856005 13.12230015 349.51000977
2.70458007 12.40060043 349.58700562
2.66754007 11.30970001 349.26000977
2.67789006 10.71749973 349.60598755
2.64968991 10.18840027 349.27200317
2.67946005 9.56227970 349.95800781
2.67050004 9.00041962 349.96398926
2.66150999 8.43850040 349.97000122
2.65250993 7.87650013 349.97601318
2.64350009 7.31443024 349.98199463
2.66297007 6.67315006 349.76300049
2.10677004 6.57196999 348.95300293
2.69673991 5.99317980 349.43301392
2.71537995 5.38082981 349.91500854
2.13487005 5.33464003 348.85400391
8.25286961 4.85805988 340.00900269
7.68297005 4.79929018 339.14300537
8.86546040 2.47669005 339.95700073
8.29473972 2.42284989 339.09100342
6.53924990 2.51525998 338.49099731
5.35024977 2.62737012 338.01400757
