-0.13197327 19.84668159 344.94122314
-0.24017334 19.21896553 344.80740356
0.64561462 18.68026543 345.60372925
0.39881897 18.14527321 345.39672852
0.66062927 17.56968117 345.62042236
0.66853333 17.01428795 345.62915039
-0.07708740 17.00820732 345.74215698
0.67559814 16.45878220 345.63711548
0.57048035 15.73589993 344.67333984
-0.12742615 15.85041714 344.89263916
0.57821655 15.18170643 344.68206787
0.08795166 15.15414333 345.01022339
3.19853210 14.78148746 345.53335571
1.33003235 14.63166714 344.57519531
0.58531189 14.62739754 344.69021606
0.09577942 14.59974957 345.01898193
2.94859314 14.24744320 345.32659912
1.33773804 14.07667160 344.58404541
0.59298706 14.07301140 344.69894409
0.10279846 14.04534626 345.02703857
1.60118103 13.49730015 344.80761719
0.59999084 13.51850605 344.70706177
3.48059082 13.08255577 345.77713013
1.60890198 12.94170570 344.81646729
0.60771179 12.96391201 344.71594238
3.23060608 12.54931545 345.57046509
1.87242126 12.36053467 345.04000854
1.12548828 12.35833454 345.15429688
2.88569641 11.78009987 345.14913940
2.13668823 11.77826214 345.26422119
1.38940430 11.77646160 345.37881470
2.14431763 11.22136688 345.27307129
1.42036438 11.05414104 345.31637573
3.53573608 10.68086624 345.74310303
2.17514038 10.58225727 346.04483032
2.18281555 10.02426338 346.05377197
2.19058228 9.46616459 346.06262207
3.70028687 8.90640163 345.84304810
2.94877625 8.90702724 345.95782471
2.19744873 8.90796375 346.07086182
3.70854187 8.34705257 345.85272217
2.95631409 8.34823990 345.96676636
3.71611023 7.78764820 345.86178589
2.96398926 7.78936100 345.97576904
3.72364807 7.22816467 345.87081909
2.97152710 7.23041153 345.98477173
3.99150085 6.63771439 346.09725952
3.23811340 6.64053822 346.21090698
4.25996399 6.04614067 346.32431030
2.94042969 5.99607277 345.89489746
3.65370178 5.31726265 345.68240356
2.85511780 5.20544720 345.68719482
7.41632080 2.20248699 335.14120483
-0.89036560 20.96442413 345.08889771
-0.19143677 20.38661385 345.02752686
0.17137146 19.81747055 344.99490356
-0.61262512 19.80449486 345.63687134
0.66795349 18.81192780 345.00164795
0.11311340 18.66496468 345.57275391
1.23582458 18.72518158 347.89212036
0.47604370 18.09351349 345.54064941
1.26072693 18.16372490 347.88836670
1.28565979 17.60228539 347.88458252
0.63760376 17.00951958 344.94824219
0.52670288 16.97443008 345.53363037
0.41485596 16.93931580 346.11868286
0.40879822 17.02776718 346.74710083
0.96838379 17.05434799 347.90740967
0.66336060 16.44988060 344.94488525
0.55250549 16.41469574 345.53021240
0.32675171 16.34451866 346.69985962
0.58134460 15.76754093 344.89794922
0.36256409 15.60964108 345.43933105
0.35154724 15.78477383 346.69631958
0.37741089 15.22495556 346.69268799
0.73992920 14.77037716 344.93475342
0.62901306 14.73519802 345.51986694
0.51614380 14.70006275 346.10464478
0.40225220 14.66499805 346.68917847
1.89730835 14.19712067 344.25595093
1.33734131 14.05586147 344.82873535
0.73713684 14.00156879 345.43869019
0.43309021 14.01788712 346.05725098
0.42709351 14.10493946 346.68572998
2.26445007 13.61881638 344.22250366
0.23709106 13.30099392 346.59365845
2.17953491 13.02095318 344.80664063
0.59068298 13.01968002 346.09442139
2.54771423 12.44077969 344.77355957
1.14561462 12.32020569 345.40710449
1.18133545 12.38842487 346.61962891
2.14547729 11.29811954 345.38354492
2.14224243 11.17318058 347.11511230
3.08561707 10.64149857 345.88055420
2.16720581 10.61002254 347.11163330
3.45599365 10.05706882 345.84811401
2.65142822 10.06188488 346.49340820
2.53451538 10.02657795 347.08038330
3.48098755 9.49211502 345.84475708
2.67636108 9.49803066 346.48999023
2.55947876 9.46271896 347.07690430
3.50595093 8.92716026 345.84149170
2.78561401 8.75902462 346.40722656
2.50930786 8.12928772 346.39266968
3.67181396 7.83255768 345.24633789
3.47296143 7.11166763 345.78613281
3.01271057 7.09901237 346.40255737
4.41468811 6.65542507 345.18029785
3.38899231 6.42672157 345.73742676
2.92866516 6.41461849 346.35366821
4.22067261 5.84953690 345.08624268
3.30494690 5.74250603 345.68829346
2.50112915 5.75497055 346.33316040
5.85250854 4.53283215 333.73983765
5.18690491 4.51111221 334.38839722
5.10256958 4.55288315 335.61352539
4.89382935 4.39802837 336.16201782
4.00033569 4.29318810 336.78579712
4.00868225 4.37317944 337.41815186
4.01597595 4.45340347 338.05062866
3.58178711 4.33348179 339.22473145
5.02098083 4.23588562 342.07659912
4.64285278 4.17693710 342.67361450
4.64118958 4.25916576 343.30853271
2.84802246 4.26279354 344.01287842
0.88591003 4.02610207 345.20898438
2.35986328 3.94492030 348.66162109
1.39242554 4.05799198 349.34658813
-0.82821655 3.89256358 349.95913696
-1.56919861 3.94101977 350.59823608
-2.02874756 3.80601573 351.14495850
-2.05072021 3.88979888 351.76892090
-2.28596497 3.73786139 352.29837036
-2.20581055 3.94018435 352.96932983
-2.51306152 3.70965409 353.46603394
-2.93707275 3.83308482 354.11767578
-3.48872375 3.65503669 354.64147949
-3.62286377 3.62170482 355.21484375
-4.28944397 3.68384671 355.84161377
4.78031921 3.56563497 341.44598389
4.66958618 3.52901673 342.03591919
3.64428711 3.47221398 343.86682129
1.32307434 3.29289031 348.66656494
1.20018005 3.25799537 349.24951172
-13.42289734 -7.61009216 345.03216553
-13.65391541 -7.56301117 345.65161133
-14.63197327 -7.61897469 347.38125610
-14.90333557 -7.75698471 347.87097168
-15.17671204 -7.89470577 348.35961914
-15.17204285 -7.83419609 348.97354126
4.03564453 2.45114326 342.09625244
1.37094116 2.16746211 348.65927124
-0.16044617 1.81398726 351.52133179
-0.63017273 1.80746007 352.12399292
-1.10092163 1.80116701 352.72512817
-1.36614990 1.73341680 353.87969971
7.28916931 2.13153791 335.36904907
6.40646362 2.18976378 337.27023315
5.29338074 2.01508355 339.07598877
3.83712769 1.81346083 343.26980591
1.51774597 1.63961196 348.07266235
-0.65362549 1.71199393 352.91210938
-0.57691956 1.61656046 354.04705811
-1.05374146 1.61127496 354.64556885
-0.68789673 20.88370705 345.07968140
-0.31962585 20.28853416 345.55102539
-0.29080200 19.72440338 345.52569580
-0.17849731 19.69735527 346.28640747
-0.03686523 19.15550423 345.23706055
0.07580566 19.12893677 345.99813843
0.10458374 18.56461334 345.97283936
0.88464355 18.47632027 347.73135376
0.35885620 17.99429893 345.68441772
0.91194153 17.91239166 347.70739746
0.38775635 17.42927361 345.65911865
0.27166748 17.41073990 346.68453979
0.93997192 17.34831047 347.68270874
1.27272034 17.31722069 348.18255615
0.53088379 16.88190269 344.60659790
0.04405212 16.78859901 346.01596069
0.19343567 16.71946526 346.70483398
0.96801758 16.78423500 347.65811157
1.30073547 16.75314331 348.15786743
0.11582947 16.02853775 346.72445679
0.99539185 16.21999931 347.63418579
0.58889771 15.74935627 344.55606079
1.91525269 15.58539104 348.34814453
0.61795044 15.18293476 344.53082275
0.62174988 15.03304577 345.34027100
0.62437439 14.88347054 346.14865112
0.73239136 14.86071110 346.91113281
1.73205566 14.91611767 347.60479736
1.87600708 14.84834957 348.29544067
0.54344177 14.34076977 345.36044312
0.65252686 14.31839275 346.12402344
0.76054382 14.29613400 346.88650513
1.75621033 14.20210648 348.38775635
0.68141174 13.75326824 346.09872437
0.78866577 13.73154831 346.86190796
1.12229919 13.36065197 344.80807495
0.70967102 13.18808174 346.07415771
0.81683350 13.16677094 346.83728027
1.81149292 13.07280159 348.33889771
1.41987610 12.59034920 345.25491333
1.29946899 12.58038521 346.28503418
1.40429688 12.55971241 347.05014038
1.83882141 12.50796509 348.31491089
1.67597961 12.01195717 344.96478271
1.55529785 12.00312996 345.99618530
1.86618042 11.94303799 348.29086304
1.81163025 11.42463303 345.70642090
1.91659546 11.40499496 346.47311401
2.24879456 11.37348366 346.97515869
2.35118103 11.35411739 347.74078369
2.40199280 10.81337070 345.91894531
2.27694702 10.80690861 346.95043945
2.37858582 10.78798866 347.71670532
3.33900452 10.45777130 345.00442505
2.53414917 10.22710228 346.66131592
2.25782776 10.14290237 347.80953979
3.02760315 9.77597618 345.29174805
2.56166077 9.65977192 346.63732910
2.66296387 9.64189053 347.40481567
2.71675110 9.09565544 345.57846069
2.58988953 9.09234333 346.61257935
2.69041443 9.07503033 347.38076782
2.61808777 8.52487659 346.58786011
2.71856689 8.50812435 347.35601807
3.11193848 8.06796741 345.21826172
2.64566040 7.95728683 346.56387329
2.90365601 7.37388039 346.27392578
2.77352905 7.37398148 347.30801392
3.16168213 6.78935432 345.98391724
3.12100220 6.04999352 345.92962646
2.61215210 5.99260902 347.34674072
0.07707214 5.37999916 347.48205566
0.33006287 4.79865932 347.19570923
2.76689148 4.72820091 339.37689209
-3.64942932 3.64545274 355.57855225
-0.03706360 19.35567474 346.37368774
-0.04261780 18.78505707 345.98117065
0.05534363 17.78375053 346.14233398
0.03106689 17.08515167 346.20715332
0.68920898 17.08244514 347.38037109
1.23861694 16.81517029 348.41253662
0.04809570 16.51727867 346.16629028
0.67271423 16.41222191 347.42382813
1.25546265 16.25038528 348.37179565
1.84390259 16.23351479 348.49697876
-0.00270081 15.93192768 345.06805420
0.68351746 15.70251560 348.20693970
1.83990479 15.66258526 348.10848999
0.05982971 15.37496471 345.73165894
1.83593750 15.09061146 347.71896362
2.46542358 15.08694935 348.54275513
0.09953308 14.81328297 346.04156494
0.70527649 14.62647724 347.54980469
1.85281372 14.52452946 347.67816162
2.46205139 14.51472092 348.15420532
0.60205078 13.96173573 345.98651123
1.28034973 13.97530842 347.51220703
1.86970520 13.95838928 347.63836670
2.47883606 13.94913769 348.11343384
0.61920166 13.39346504 345.94555664
1.27581787 13.40099335 347.12149048
1.88652039 13.39221001 347.59756470
2.49559021 13.38349724 348.07366943
1.27122498 12.82537842 346.73068237
1.90342712 12.82592487 347.55679321
2.49221802 12.80894089 347.68392944
1.24514771 12.23945522 345.98785400
1.87858582 12.24099731 346.81597900
2.52929688 12.25187016 347.99313354
1.85337830 11.65374947 346.07205200
2.49961853 11.57770061 347.82803345
1.89147949 11.09548092 346.38317871
2.51919556 10.52116680 346.82250977
2.46847534 9.83300018 346.30517578
3.12130737 9.83205318 347.72000122
3.07466125 9.12610340 347.43603516
2.54425049 8.15646267 346.49841309
3.10823059 7.99227238 347.35534668
2.51663208 7.42841721 346.83505249
3.12509155 7.42523003 347.31549072
3.14192200 6.85813046 347.27563477
3.09436035 6.15010357 346.99151611
-2.98715210 5.21479034 355.93334961
-2.49430847 4.95481396 356.25323486
-1.91812134 4.90737534 356.62915039
0.45672607 5.02097607 357.44229126
0.96551514 4.77678585 358.09564209
-1.37164307 4.24793243 356.56036377
-1.33106995 3.71372676 356.85086060
-1.31416321 3.16329837 356.81201172
-3.64102173 2.64771581 355.61804199
-3.08216858 2.52763414 356.17010498
-1.85252380 2.73299956 356.21807861
-0.70199585 2.61320615 357.22897339
-0.17298889 2.47592807 357.45474243
2.91517639 19.51120567 346.87246704
1.94995117 18.27426338 348.32229614
2.45652771 18.27219009 348.00021362
1.99444580 17.58068657 348.38174438
2.50155640 17.57845497 348.06057739
1.22734070 17.00973320 348.42779541
1.99195862 17.01709747 348.33801270
2.49899292 17.01496506 348.01687622
1.22489929 16.44555283 348.38400269
1.98942566 16.45350838 348.29434204
3.25050354 16.41408348 346.31137085
1.22245789 15.88127041 348.34020996
1.98693848 15.88972187 348.25057983
1.87571716 15.14671230 348.19085693
2.49205017 15.32375431 347.88653564
2.98898315 15.27206898 345.98971558
0.69935608 14.72889233 347.78549194
3.24450684 14.71796131 346.18252563
0.94604492 14.14872646 347.18493652
3.50004578 14.16485310 346.37545776
1.39559937 13.50045204 347.59951782
2.53231812 13.50376797 347.86068726
3.49804688 13.59981346 346.33255005
2.83277893 12.82558727 348.15353394
2.57437134 12.24831200 347.87792969
2.31442261 11.66983032 347.60092163
2.82662964 11.13582516 348.02392578
2.31005859 10.54091072 347.51412964
2.30830383 9.97637844 347.47106934
2.04835510 9.39499569 347.19381714
3.32878113 9.44322968 347.57754517
3.20941162 8.76837540 347.47793579
3.06631470 7.73387623 347.21466064
2.75187683 7.06056690 346.92941284
3.62036133 7.04199314 346.96212769
2.63960266 6.31533718 346.87057495
3.66394043 6.35250282 347.02420044
7.89453125 5.47985172 342.03369141
0.92028809 3.92995048 358.03176880
-0.85069275 1.61158895 357.08694458
2.30860901 20.62766838 347.85406494
2.50296021 18.85950279 346.05383301
1.97760010 18.11120224 348.40747070
2.45329285 18.13146782 347.80960083
1.95910645 17.55027199 348.37658691
2.43481445 17.57113266 347.77880859
2.28402710 17.00760269 348.32940674
2.41732788 17.01057434 347.74798584
1.91325378 17.07701683 346.00753784
1.79086304 16.42526054 348.89706421
2.26557922 16.44707298 348.29849243
2.39987183 16.45001411 347.71716309
2.46426392 16.44036293 345.98959351
1.42988586 15.84463024 348.88287354
2.24809265 15.88642216 348.26757813
2.38136292 15.88938808 347.68630981
1.96702576 15.85664654 346.55407715
2.78924561 15.89868832 345.94503784
1.94949341 15.29488468 346.52334595
2.77275085 15.33810711 345.91430664
2.89508057 14.80574512 348.17352295
2.27546692 14.75361538 346.47802734
2.75630188 14.77731991 345.88363647
2.52589417 14.02708340 348.22674561
2.36631775 14.06709194 346.48797607
3.11061096 14.06378746 345.89797974
2.39083862 13.39363670 348.22390747
2.79971313 13.40258694 346.48333740
3.27850342 13.42739773 345.88995361
2.03083801 12.81089687 348.20928955
3.19065857 12.88046932 347.58099365
3.26205444 12.86740971 345.85937500
2.35591125 12.27243328 348.16192627
3.17323303 12.32081413 347.55017090
2.56051636 12.26182556 345.85687256
1.99484253 11.68841743 348.14733887
3.49630737 11.78436279 347.50378418
2.31991577 11.15095806 348.10003662
3.02172852 11.12777519 347.51678467
3.38000488 10.08815384 346.26992798
2.85174561 9.37369156 347.45227051
3.43804932 9.27934074 346.89923096
3.46995544 9.40536499 346.28039551
3.71664429 9.28561878 345.74432373
2.94165039 8.69074249 347.46234131
3.42056274 8.71982384 346.86849976
3.55989075 8.72293568 346.29092407
3.70022583 8.72613811 345.71374512
2.92419434 8.13058758 347.43145752
3.40411377 8.16021156 346.83773804
3.54243469 8.16338444 346.26022339
3.68273926 8.16662502 345.68316650
2.90673828 7.57038212 347.40057373
3.38668823 7.60056114 346.80697632
3.52600098 7.60375023 346.22952271
4.00694275 7.63405800 345.63858032
2.54760742 6.98250675 347.38546753
3.50952148 7.04405403 346.19882202
3.99052429 7.07493877 345.60794067
2.63851929 6.30007458 347.39620972
3.56761169 6.23833370 346.82888794
3.59951782 6.36277962 346.20993042
3.97409058 6.51574993 345.57736206
10.54617310 5.44570065 336.99893188
11.13986206 5.35883522 336.47698975
0.65591431 4.27801895 358.44860840
1.57661438 4.25522327 357.83697510
1.50556946 4.28161430 356.67636108
1.96542358 4.31271362 356.06936646
2.53482056 4.22467518 355.50311279
2.72091675 4.36032677 354.87170410
3.45860291 4.28734779 354.29699707
3.47938538 4.40822887 353.67849731
1.69723511 4.57632065 349.63916016
2.17422485 4.60892487 349.04101563
2.54475403 4.76227093 348.40325928
3.02375793 4.79502296 347.80819702
3.37594604 4.55661392 347.31344604
3.54911804 4.68384647 346.11788940
4.03114319 4.71697998 345.52752686
4.53755188 4.61329556 344.41546631
4.50984192 4.75827312 343.79196167
5.15739441 4.85787773 343.18222046
7.71362305 4.85613441 342.04092407
8.53349304 4.91925621 341.45367432
9.22354126 4.71223831 340.96316528
1.86132813 3.91958404 350.79132080
1.99461365 3.92209697 350.21087646
2.12889099 3.92471147 349.63076782
2.26414490 3.92743611 349.05105591
2.74116516 3.96063590 348.45477295
3.22016907 3.99394917 347.85998535
3.35848999 3.99700713 347.28265381
3.49880981 4.00014114 346.70568848
5.90808105 4.27135277 342.02044678
7.50355530 3.98689103 339.85494995
8.77694702 4.04521656 336.45495605
1.84184265 3.35871768 350.75994873
4.16183472 3.50221467 346.64450073
4.44448853 3.50896430 345.49435425
4.73217773 3.51609349 344.34594727
7.85562134 3.19558740 339.34753418
8.01002502 3.20003819 338.78146362
9.10038757 3.52159572 336.42092896
-0.19195557 2.05411792 356.02688599
0.08842468 2.15622735 355.39971924
0.21363831 2.15792322 354.81549072
1.27981567 2.22748232 353.02182007
1.40905762 2.22965121 352.44009399
1.91044617 2.09429336 351.89935303
7.04461670 2.80088305 339.59149170
7.19902039 2.80570483 339.02392578
7.25201416 2.93138385 338.41329956
2.51921082 19.25953293 348.27227783
2.34152222 19.29889679 346.76730347
2.49804688 18.70165634 348.26129150
2.77348328 18.78853035 346.25897217
2.47686768 18.14367867 348.25027466
2.38755798 18.16432953 347.49734497
2.45568848 17.58560562 348.23922729
2.36712646 17.60684776 347.48565674
2.43447876 17.02752876 348.22817993
2.57278442 17.07408905 347.22479248
2.41325378 16.46925545 348.21713257
2.55162048 16.51691246 347.21380615
3.28199768 15.74527073 347.36013794
2.01309204 15.17684460 345.33789063
2.78787231 14.57833195 347.83825684
2.61424255 14.62631702 346.33309937
1.99282837 14.62045765 345.32638550
2.76667786 14.02085686 347.82720947
2.90567017 14.07279491 346.82449341
2.59315491 14.06973553 346.32217407
2.28236389 14.06686115 345.81872559
2.19909668 14.09155846 345.06750488
2.74545288 13.46318054 347.81616211
2.57276917 13.51325417 346.31054688
2.26202393 13.51027584 345.80712891
2.32511902 13.46454334 344.94235229
2.72419739 12.90550804 347.80508423
2.55236816 12.95657158 346.29888916
2.59684753 12.76730156 344.70431519
2.70294189 12.34763432 347.79403687
2.86337280 12.30887890 345.99246216
2.55323792 12.30597782 345.48971558
2.85728455 11.70579243 347.64486694
2.80281067 11.70298004 346.04833984
3.09947205 11.02266502 347.42678833
3.01338196 11.04984379 346.67419434
2.92776489 11.07698345 345.92346191
3.30369568 10.49644089 347.16592407
3.21745300 10.52400303 346.41461182
3.05772400 9.90851307 347.40396118
3.19700623 9.96792126 346.40289307
2.81036377 9.31942177 347.64346313
3.62644958 9.47528172 345.89474487
3.41516113 8.74458408 346.99566650
3.71118164 8.80180168 345.83734131
2.76846313 8.20387459 347.62048340
4.01976013 8.16150570 345.53274536
2.97340393 7.67937565 347.35888672
3.99934387 7.60715294 345.52105713
3.33683777 6.97902584 347.02874756
4.04827881 6.97455215 345.48001099
3.59407043 6.39805412 346.74472046
3.50949097 6.42948914 345.99359131
10.65751553 5.24492931 337.09197998
8.22357178 5.29050732 336.36737061
8.14932251 5.32318497 335.63919067
8.54856873 4.59025669 335.31237793
5.60841370 4.59797859 334.30764771
2.59896994 16.04560089 347.63299561
2.63980007 15.30350018 346.75201416
3.22291994 14.80109978 348.00201416
2.63707995 14.68369961 345.98199463
2.02502990 14.72119999 345.18600464
2.01096010 14.15040016 344.64099121
2.65158010 13.57699966 347.43899536
2.03326011 13.52390003 344.75900269
2.62983990 12.98900032 346.33300781
2.04292989 12.94120026 345.09399414
2.69739008 12.31359959 347.67700195
2.05271006 12.35729980 345.43099976
3.18808007 11.89529991 346.47399902
3.19878006 11.30850029 346.81500244
3.19777989 10.70219994 346.26699829
2.64489007 10.59399986 345.47299194
3.24978995 9.99341965 346.27600098
2.63609004 10.03940010 345.47799683
3.24098992 9.43760967 346.28298950
3.23209000 8.88177967 346.28799438
3.77832007 8.37744999 346.09201050
3.18364000 8.39290047 345.62701416
3.77643991 7.77702999 345.54699707
3.80841994 7.10468006 345.22500610
10.44060040 6.41822004 336.18899536
9.24989986 6.55033016 335.86898804
7.00259018 6.52755022 335.64199829
6.44238997 6.46603012 334.79000854
3.86468005 6.40066004 345.45498657
5.88681984 5.85206985 334.10101318
11.02470016 4.75391006 336.95599365
8.17580986 4.72955990 335.71398926
10.39229965 4.31674004 336.49099731
9.88467979 4.13851976 335.99398804
9.32573986 4.11952019 335.86999512
8.72504997 4.21045017 335.84500122
8.16652966 4.19178009 335.72000122
7.56178999 4.24488020 334.96899414
6.99576998 3.68970990 334.84698486
6.43932009 3.67154002 334.71798706
